N-be75eec_150 3403908 3482828 2.26597 378.004
N-be75np_150 7013385 7174325 2.24328 355.549
N-be75oi_150 2214832 2246534 1.41115 404.704
N-be75tot_150 12002655 12287707 2.31981 338.757
N-stabu1_150 2826505 2875732 1.71181 326.041
N-stabu2_150 4231931 4327538 2.20927 334.576
N-stabu3_150 4440835 4510445 1.54331 297.439
N-t59b11xx_150 3167010 3239550 2.2392 412.9
N-t59d11xx_150 1431929 1462697 2.10351 374.905
N-t59f11xx_150 1514727 1543733 1.87895 348.993
N-t59n11xx_150 311271 318960 2.41065 348.666
N-t65b11xx_150 6280824 6453836 2.68076 425.861
N-t65d11xx_150 3487641 3559347 2.01458 351.834
N-t65f11xx_150 3107286 3159326 1.64719 332.602
N-t65l11xx_150 249149 253396 1.67603 258.701
N-t65n11xx_150 535742 550733 2.72201 349.841
N-t69r11xx_150 11558346 11855957 2.51022 358.879
N-t70b11xx_150 9428698 9647229 2.26522 343.56
N-t70d11xn_150 5718037 5825147 1.83875 391.623
N-t70d11xx_150 6050758 6174178 1.99897 364.462
N-t70f11xx_150 5024230 5150097 2.44397 318.482
N-t70l11xx_150 425728 436862 2.54863 308.73
N-t70n11xx_150 925056 948913 2.51414 358.766
N-t74d11xx_150 9219137 9396044 1.88278 369.862
N-t75d11xx_150 9443433 9642140 2.06082 350.534
N-t75e11xx_150 40799614 41570193 1.85368 351.842
N-t75k11xx_150 1501921 1541596 2.57363 357.199
N-t75n11xx_150 1702738 1743094 2.31519 304.942
N-tiw56n54_150 818871 837945 2.27628 318.071
N-tiw56n58_150 1124311 1155392 2.69008 337.472
N-tiw56n62_150 1588033 1626921 2.39028 379.811
N-tiw56n66_150 2059641 2107619 2.27641 378.666
N-tiw56n67_150 2326605 2372926 1.95206 352.907
N-tiw56n72_150 4025311 4135907 2.67404 384.547
N-tiw56r54_150 937190 958192 2.19184 363.604
N-tiw56r58_150 1192896 1219295 2.1651 349.516
N-tiw56r66_150 1872094 1940755 3.53785 395.559
N-tiw56r67_150 2014101 2056347 2.05442 315.632
N-tiw56r72_150 2763005 2823758 2.15149 405.845
