N-be75eec_150 3443802 3482828 1.12053 385.666
N-be75np_150 7074490 7174325 1.39156 362.532
N-be75oi_150 2230977 2246534 0.692489 406.144
N-be75tot_150 12161337 12287707 1.02843 341.738
N-stabu1_150 2849615 2875732 0.908186 342.247
N-stabu2_150 4302476 4327538 0.579128 342.035
N-stabu3_150 4457870 4510445 1.16563 317.337
N-t59b11xx_150 3201890 3239550 1.16251 428.026
N-t59d11xx_150 1449294 1462697 0.916321 384.793
N-t59f11xx_150 1524376 1543733 1.25391 363.327
N-t59n11xx_150 316442 318960 0.789441 360.823
N-t65b11xx_150 6405201 6453836 0.753583 427.621
N-t65d11xx_150 3528215 3559347 0.874655 361.961
N-t65f11xx_150 3111850 3159326 1.50273 339.924
N-t65l11xx_150 251268 253396 0.839792 273.513
N-t65n11xx_150 545808 550733 0.894263 361.258
N-t69r11xx_150 11785606 11855957 0.593381 362.698
N-t70b11xx_150 9541088 9647229 1.10022 363.465
N-t70d11xn_150 5754138 5825147 1.21901 409.554
N-t70d11xx_150 6082055 6174178 1.49207 384.6
N-t70f11xx_150 5054107 5150097 1.86385 339.57
N-t70l11xx_150 429359 436862 1.71748 320.834
N-t70n11xx_150 936586 948913 1.29907 361.665
N-t74d11xx_150 9267153 9396044 1.37176 384.555
N-t75d11xx_150 9515813 9642140 1.31016 360.927
N-t75e11xx_150 41121410 41570193 1.07958 361.136
N-t75k11xx_150 1522942 1541596 1.21004 365.371
N-t75n11xx_150 1715760 1743094 1.56813 316.272
N-tiw56n54_150 826289 837945 1.39102 317.599
N-tiw56n58_150 1140670 1155392 1.2742 338.631
N-tiw56n62_150 1607423 1626921 1.19846 383.11
N-tiw56n66_150 2072826 2107619 1.65082 382.649
N-tiw56n67_150 2352740 2372926 0.85068 362.656
N-tiw56n72_150 4084765 4135907 1.23654 384.714
N-tiw56r54_150 945291 958192 1.34639 382.49
N-tiw56r58_150 1203406 1219295 1.30313 360.682
N-tiw56r66_150 1914568 1940755 1.34932 406.659
N-tiw56r67_150 2036918 2056347 0.944831 317.612
N-tiw56r72_150 2794350 2823758 1.04145 405.157
