N-be75eec_150 3365307 3482828 3.3743 2.99099
N-be75eec_250 8589289 8893533 3.42096 22.1386
N-be75np_150 6956935 7174325 3.03011 2.63463
N-be75np_250 17294391 17814072 2.91725 19.8031
N-be75oi_150 2214798 2246534 1.41267 3.56458
N-be75oi_250 5782160 5910096 2.1647 20.3443
N-be75tot_150 11793159 12287707 4.02474 2.73604
N-be75tot_250 29936869 30958609 3.30034 22.8725
N-stabu1_150 2814675 2875732 2.12318 2.88957
N-stabu1_250 7523615 7742444 2.82636 18.8833
N-stabu2_150 4207101 4327538 2.78304 3.64598
N-stabu2_250 11183603 11500448 2.75507 22.0025
N-stabu3_150 4405681 4510445 2.3227 3.34454
N-stabu3_250 11607645 11900315 2.45935 22.778
N-t59b11xx_150 3163385 3239550 2.3511 3.18983
N-t59b11xx_250 8140580 8411910 3.22555 16.2174
N-t59d11xx_150 1422867 1462697 2.72305 2.83733
N-t59d11xx_250 3710049 3841167 3.41349 17.7119
N-t59f11xx_150 1501888 1543733 2.71064 2.57443
N-t59f11xx_250 3861566 3993006 3.29176 20.8446
N-t59n11xx_150 309319 318960 3.02264 2.44847
N-t59n11xx_250 798357 825608 3.30072 26.3466
N-t65b11xx_150 6270536 6453836 2.84017 3.68498
N-t65b11xx_250 16777273 17273996 2.87555 20.1362
N-t65d11xx_150 3433054 3559347 3.54821 2.59482
N-t65d11xx_250 9070942 9351696 3.00217 23.8449
N-t65f11xx_150 3042695 3159326 3.69164 2.38909
N-t65f11xx_250 8233696 8409567 2.09132 19.6111
N-t65l11xx_150 247262 253396 2.42072 3.44879
N-t65l11xx_250 645457 666254 3.12148 17.5143
N-t65n11xx_150 529791 550733 3.80257 3.89585
N-t65n11xx_250 1385091 1429362 3.09726 23.5038
N-t69r11xx_150 11391993 11855957 3.91334 4.29332
N-t69r11xx_250 30867092 31815927 2.98226 19.1958
N-t70b11xx_150 9335489 9647229 3.23139 4.25814
N-t70b11xx_250 24554887 25403045 3.3388 20.5355
N-t70d11xn_150 5639973 5825147 3.17887 3.27781
N-t70d11xn_250 14740581 15207063 3.06754 17.6318
N-t70d11xx_150 5948060 6174178 3.66232 2.78899
N-t70d11xx_250 15526781 16040574 3.20308 19.0113
N-t70f11xx_150 4992444 5150097 3.06117 4.2916
N-t70f11xx_250 13246148 13586135 2.50246 18.5563
N-t70l11xx_150 419735 436862 3.92046 3.51657
N-t70l11xx_250 1074752 1113128 3.44758 21.2009
N-t70n11xx_150 916455 948913 3.42055 3.19265
N-t70n11xx_250 2367323 2444390 3.15281 17.4815
N-t74d11xx_150 9115190 9396044 2.98907 2.93175
N-t74d11xx_250 23805728 24430250 2.55635 17.3287
N-t75d11xx_150 9330624 9642140 3.23078 2.62602
N-t75d11xx_250 24331775 25017059 2.73927 25.4175
N-t75e11xx_150 40081465 41570193 3.58124 3.1461
N-t75e11xx_250 103736620 106873878 2.93548 21.1994
N-t75k11xx_150 1482059 1541596 3.86204 2.8486
N-t75k11xx_250 3957091 4093849 3.34057 21.7915
N-t75n11xx_150 1675911 1743094 3.85424 3.49003
N-t75n11xx_250 4407600 4524942 2.59323 18.3856
N-tiw56n54_150 808770 837945 3.48173 4.29612
N-tiw56n54_250 2028992 2098726 3.32268 17.8841
N-tiw56n58_150 1112380 1155392 3.72272 3.51398
N-tiw56n58_250 2815825 2906657 3.12496 15.7074
N-tiw56n62_150 1568773 1626921 3.57411 3.50943
N-tiw56n62_250 4006684 4142745 3.28432 22.7472
N-tiw56n66_150 2045397 2107619 2.95224 2.83442
N-tiw56n66_250 5195803 5370404 3.25117 16.6158
N-tiw56n67_150 2307628 2372926 2.75179 3.00392
N-tiw56n67_250 6135595 6324858 2.99237 17.7385
N-tiw56n72_150 4010294 4135907 3.03713 2.77422
N-tiw56n72_250 10830537 11149706 2.86258 23.9211
N-tiw56r54_150 923328 958192 3.63852 3.56701
N-tiw56r54_250 2326029 2387349 2.56854 18.2397
N-tiw56r58_150 1175812 1219295 3.56624 2.66446
N-tiw56r58_250 2960172 3060323 3.27256 23.3975
N-tiw56r66_150 1867191 1940755 3.79048 3.3189
N-tiw56r66_250 4791439 4948414 3.17223 18.9273
N-tiw56r67_150 1992775 2056347 3.0915 3.14085
N-tiw56r67_250 5147273 5289658 2.69176 22.2572
N-tiw56r72_150 2733469 2823758 3.19748 3.53502
N-tiw56r72_250 7198951 7451579 3.39026 17.3906
