N-be75eec_150 2100024 3482828 39.7035 0.00630784
N-be75eec_250 5956599 8893533 33.0233 0.0260014
N-be75np_150 4625111 7174325 35.5325 0.0065222
N-be75np_250 12595719 17814072 29.2934 0.0258659
N-be75oi_150 1690114 2246534 24.7679 0.00634842
N-be75oi_250 3759727 5910096 36.3847 0.0312671
N-be75tot_150 8411166 12287707 31.5481 0.00617174
N-be75tot_250 21548806 30958609 30.3948 0.0265338
N-stabu1_150 1958569 2875732 31.8932 0.00544682
N-stabu1_250 5819346 7742444 24.8384 0.0260248
N-stabu2_150 3159462 4327538 26.9917 0.00583908
N-stabu2_250 8089244 11500448 29.6615 0.0249619
N-stabu3_150 3057852 4510445 32.2051 0.00663932
N-stabu3_250 8202854 11900315 31.0703 0.0251463
N-t59b11xx_150 2126815 3239550 34.3484 0.00542316
N-t59b11xx_250 5793595 8411910 31.1263 0.0273674
N-t59d11xx_150 985460 1462697 32.6272 0.00578838
N-t59d11xx_250 2794152 3841167 27.2577 0.0248969
N-t59f11xx_150 1077340 1543733 30.212 0.00641534
N-t59f11xx_250 2801342 3993006 29.8438 0.0276164
N-t59n11xx_150 209207 318960 34.4096 0.00540644
N-t59n11xx_250 578335 825608 29.9504 0.0251602
N-t65b11xx_150 4287199 6453836 33.5713 0.00553881
N-t65b11xx_250 11459751 17273996 33.6589 0.0281671
N-t65d11xx_150 2507225 3559347 29.5594 0.00622774
N-t65d11xx_250 6626612 9351696 29.14 0.0264707
N-t65f11xx_150 2104125 3159326 33.3996 0.00832794
N-t65f11xx_250 5978958 8409567 28.9029 0.0275771
N-t65l11xx_150 160454 253396 36.6786 0.00639905
N-t65l11xx_250 413181 666254 37.9845 0.0251737
N-t65n11xx_150 368582 550733 33.0743 0.00616338
N-t65n11xx_250 967959 1429362 32.2803 0.0300173
N-t69r11xx_150 7871611 11855957 33.6063 0.00568852
N-t69r11xx_250 21421292 31815927 32.6712 0.0246183
N-t70b11xx_150 6372641 9647229 33.9433 0.00594211
N-t70b11xx_250 17281244 25403045 31.9718 0.0277268
N-t70d11xn_150 4020243 5825147 30.9847 0.00565842
N-t70d11xn_250 10510272 15207063 30.8856 0.0271957
N-t70d11xx_150 4289255 6174178 30.5291 0.00599959
N-t70d11xx_250 11324176 16040574 29.4029 0.025539
N-t70f11xx_150 3692259 5150097 28.307 0.00570248
N-t70f11xx_250 9766112 13586135 28.1171 0.0263124
N-t70l11xx_150 270039 436862 38.1867 0.00640272
N-t70l11xx_250 702005 1113128 36.934 0.027214
N-t70n11xx_150 617828 948913 34.891 0.00557239
N-t70n11xx_250 1673207 2444390 31.5491 0.0265128
N-t74d11xx_150 6422096 9396044 31.6511 0.0058664
N-t74d11xx_250 17215527 24430250 29.5319 0.0259155
N-t75d11xx_150 6557711 9642140 31.9891 0.00607037
N-t75d11xx_250 17777676 25017059 28.9378 0.026912
N-t75e11xx_150 28199653 41570193 32.1638 0.00733305
N-t75e11xx_250 71880701 106873878 32.7425 0.0284427
N-t75k11xx_150 1007653 1541596 34.6357 0.00808384
N-t75k11xx_250 2917402 4093849 28.7369 0.0308444
N-t75n11xx_150 1135381 1743094 34.864 0.00618864
N-t75n11xx_250 3221137 4524942 28.8137 0.0297788
N-tiw56n54_150 601631 837945 28.2016 0.00733794
N-tiw56n54_250 1532043 2098726 27.0013 0.0355349
N-tiw56n58_150 816737 1155392 29.3108 0.0057734
N-tiw56n58_250 2152589 2906657 25.9428 0.0268791
N-tiw56n62_150 1125734 1626921 30.8059 0.00576906
N-tiw56n62_250 3067742 4142745 25.9491 0.0275386
N-tiw56n66_150 1498627 2107619 28.8948 0.00543529
N-tiw56n66_250 3913651 5370404 27.1256 0.0267002
N-tiw56n67_150 1626956 2372926 31.4367 0.00647743
N-tiw56n67_250 4365363 6324858 30.9809 0.0251598
N-tiw56n72_150 2696530 4135907 34.802 0.00547268
N-tiw56n72_250 7983930 11149706 28.3934 0.0261957
N-tiw56r54_150 664682 958192 30.6316 0.00706253
N-tiw56r54_250 1769375 2387349 25.8854 0.0246967
N-tiw56r58_150 868007 1219295 28.8107 0.00538604
N-tiw56r58_250 2227548 3060323 27.212 0.026979
N-tiw56r66_150 1358625 1940755 29.995 0.00554164
N-tiw56r66_250 3609957 4948414 27.0482 0.0252617
N-tiw56r67_150 1486163 2056347 27.728 0.00656581
N-tiw56r67_250 3754126 5289658 29.0289 0.0254357
N-tiw56r72_150 1930292 2823758 31.641 0.00651946
N-tiw56r72_250 5313316 7451579 28.6954 0.0283315
