N-be75eec_150 3222105 3482828 7.48596 10.3637
N-be75eec_250 8632697 8893533 2.93287 86.7361
N-be75np_150 6899092 7174325 3.83636 8.35669
N-be75np_250 17200914 17814072 3.44199 63.7923
N-be75oi_150 2162719 2246534 3.73086 7.52213
N-be75oi_250 5620945 5910096 4.89249 57.6436
N-be75tot_150 11853825 12287707 3.53102 9.16047
N-be75tot_250 29802600 30958609 3.73405 75.052
N-stabu1_150 2757237 2875732 4.12052 9.30311
N-stabu1_250 7494104 7742444 3.20751 57.9028
N-stabu2_150 4125374 4327538 4.67157 11.627
N-stabu2_250 11166739 11500448 2.9017 69.077
N-stabu3_150 4364631 4510445 3.23281 8.28257
N-stabu3_250 11406589 11900315 4.14885 63.1625
N-t59b11xx_150 3037040 3239550 6.25118 6.62819
N-t59b11xx_250 8097470 8411910 3.73803 86.3802
N-t59d11xx_150 1381251 1462697 5.56821 10.7666
N-t59d11xx_250 3657572 3841167 4.77967 63.3977
N-t59f11xx_150 1463355 1543733 5.20673 7.65471
N-t59f11xx_250 3788210 3993006 5.12887 63.2971
N-t59n11xx_150 306911 318960 3.77759 8.25644
N-t59n11xx_250 796144 825608 3.56876 63.5532
N-t65b11xx_150 6183469 6453836 4.18924 8.32651
N-t65b11xx_250 16528059 17273996 4.31827 63.4002
N-t65d11xx_150 3404309 3559347 4.3558 7.59907
N-t65d11xx_250 8904174 9351696 4.78546 69.3112
N-t65f11xx_150 3032593 3159326 4.01139 8.26983
N-t65f11xx_250 8120194 8409567 3.441 69.3587
N-t65l11xx_150 242448 253396 4.32051 6.76329
N-t65l11xx_250 658533 666254 1.15887 87.6412
N-t65n11xx_150 522139 550733 5.19199 10.2027
N-t65n11xx_250 1374573 1429362 3.83311 69.1526
N-t69r11xx_150 11370477 11855957 4.09482 6.62309
N-t69r11xx_250 30124680 31815927 5.31572 86.8356
N-t70b11xx_150 9214137 9647229 4.48929 9.09049
N-t70b11xx_250 24169953 25403045 4.85411 75.4262
N-t70d11xn_150 5513062 5825147 5.35755 10.8578
N-t70d11xn_250 14584866 15207063 4.0915 75.0849
N-t70d11xx_150 5895032 6174178 4.52118 6.74443
N-t70d11xx_250 15463261 16040574 3.59908 80.8876
N-t70f11xx_150 4923212 5150097 4.40545 8.42727
N-t70f11xx_250 13144011 13586135 3.25423 92.1319
N-t70l11xx_150 418292 436862 4.25077 6.62083
N-t70l11xx_250 1067325 1113128 4.1148 63.3019
N-t70n11xx_150 898853 948913 5.27551 6.61898
N-t70n11xx_250 2342515 2444390 4.16771 86.6905
N-t74d11xx_150 8909777 9396044 5.17523 9.0466
N-t74d11xx_250 23458144 24430250 3.97911 64.2902
N-t75d11xx_150 9232012 9642140 4.2535 8.23511
N-t75d11xx_250 23966853 25017059 4.19796 115.224
N-t75e11xx_150 38813923 41570193 6.6304 9.95228
N-t75e11xx_250 103435001 106873878 3.2177 86.4815
N-t75k11xx_150 1469417 1541596 4.6821 6.61122
N-t75k11xx_250 3917188 4093849 4.31528 69.3309
N-t75n11xx_150 1668520 1743094 4.27825 10.798
N-t75n11xx_250 4288730 4524942 5.22022 63.5306
N-tiw56n54_150 795102 837945 5.11287 7.46539
N-tiw56n54_250 2005031 2098726 4.46438 75.0035
N-tiw56n58_150 1111210 1155392 3.82398 9.91753
N-tiw56n58_250 2758774 2906657 5.08773 86.7323
N-tiw56n62_150 1567176 1626921 3.67227 9.04915
N-tiw56n62_250 3913062 4142745 5.54422 69.7247
N-tiw56n66_150 2002052 2107619 5.00883 7.51874
N-tiw56n66_250 5067375 5370404 5.64257 80.4649
N-tiw56n67_150 2283764 2372926 3.75747 9.01078
N-tiw56n67_250 6042407 6324858 4.46573 80.9912
N-tiw56n72_150 3973026 4135907 3.93822 9.8996
N-tiw56n72_250 10737113 11149706 3.70048 69.3746
N-tiw56r54_150 915475 958192 4.45808 8.27151
N-tiw56r54_250 2284913 2387349 4.29078 81.2797
N-tiw56r58_150 1167895 1219295 4.21555 9.19175
N-tiw56r58_250 2919769 3060323 4.59278 75.1471
N-tiw56r66_150 1847162 1940755 4.8225 8.25386
N-tiw56r66_250 4657451 4948414 5.87992 80.6973
N-tiw56r67_150 1958676 2056347 4.74973 10.6751
N-tiw56r67_250 5033191 5289658 4.84846 69.4947
N-tiw56r72_150 2696995 2823758 4.48916 7.66787
N-tiw56r72_250 7081453 7451579 4.96708 74.8954
