N-be75eec_150 2100024 3482828 39.7035 0.00566469
N-be75eec_250 5956599 8893533 33.0233 0.0258109
N-be75np_150 4683265 7174325 34.7219 0.00608852
N-be75np_250 12595719 17814072 29.2934 0.0248221
N-be75oi_150 1689859 2246534 24.7793 0.00733396
N-be75oi_250 3759626 5910096 36.3864 0.0306065
N-be75tot_150 8411166 12287707 31.5481 0.00550364
N-be75tot_250 21548806 30958609 30.3948 0.0248136
N-stabu1_150 1958569 2875732 31.8932 0.00532489
N-stabu1_250 5819346 7742444 24.8384 0.0247844
N-stabu2_150 3159462 4327538 26.9917 0.00560128
N-stabu2_250 8089916 11500448 29.6556 0.0263271
N-stabu3_150 3057648 4510445 32.2096 0.00658513
N-stabu3_250 8202854 11900315 31.0703 0.0290517
N-t59b11xx_150 2126815 3239550 34.3484 0.00590716
N-t59b11xx_250 5793595 8411910 31.1263 0.0258972
N-t59d11xx_150 985368 1462697 32.6335 0.00632128
N-t59d11xx_250 2794152 3841167 27.2577 0.0253546
N-t59f11xx_150 1077248 1543733 30.218 0.00668016
N-t59f11xx_250 2801331 3993006 29.8441 0.0255003
N-t59n11xx_150 209195 318960 34.4134 0.00554827
N-t59n11xx_250 578335 825608 29.9504 0.0265135
N-t65b11xx_150 4286645 6453836 33.5799 0.00562447
N-t65b11xx_250 11459644 17273996 33.6596 0.0253987
N-t65d11xx_150 2507225 3559347 29.5594 0.00621987
N-t65d11xx_250 6626612 9351696 29.14 0.0264267
N-t65f11xx_150 2104125 3159326 33.3996 0.00570728
N-t65f11xx_250 5978958 8409567 28.9029 0.0256623
N-t65l11xx_150 160452 253396 36.6793 0.00628893
N-t65l11xx_250 413181 666254 37.9845 0.0250275
N-t65n11xx_150 368580 550733 33.0746 0.00566645
N-t65n11xx_250 967855 1429362 32.2876 0.0348568
N-t69r11xx_150 7869817 11855957 33.6214 0.0056874
N-t69r11xx_250 21421292 31815927 32.6712 0.0245734
N-t70b11xx_150 6372641 9647229 33.9433 0.00544038
N-t70b11xx_250 17281233 25403045 31.9718 0.025674
N-t70d11xn_150 4020239 5825147 30.9848 0.00667444
N-t70d11xn_250 10509736 15207063 30.8891 0.025126
N-t70d11xx_150 4289255 6174178 30.5291 0.00540086
N-t70d11xx_250 11324176 16040574 29.4029 0.0263162
N-t70f11xx_150 3692259 5150097 28.307 0.00619703
N-t70f11xx_250 9765994 13586135 28.1179 0.0253006
N-t70l11xx_150 270039 436862 38.1867 0.00544854
N-t70l11xx_250 701980 1113128 36.9363 0.0254957
N-t70n11xx_150 617687 948913 34.9058 0.00671707
N-t70n11xx_250 1673276 2444390 31.5463 0.029932
N-t74d11xx_150 6422096 9396044 31.6511 0.00595211
N-t74d11xx_250 17215527 24430250 29.5319 0.0277756
N-t75d11xx_150 6557711 9642140 31.9891 0.00623002
N-t75d11xx_250 17777676 25017059 28.9378 0.0259548
N-t75e11xx_150 28199653 41570193 32.1638 0.00538404
N-t75e11xx_250 71909985 106873878 32.7151 0.0278344
N-t75k11xx_150 1007432 1541596 34.6501 0.00564236
N-t75k11xx_250 2917466 4093849 28.7354 0.025867
N-t75n11xx_150 1135381 1743094 34.864 0.0061567
N-t75n11xx_250 3221113 4524942 28.8143 0.0264116
N-tiw56n54_150 601631 837945 28.2016 0.00568525
N-tiw56n54_250 1531682 2098726 27.0185 0.0274232
N-tiw56n58_150 816620 1155392 29.321 0.00566775
N-tiw56n58_250 2152589 2906657 25.9428 0.0264667
N-tiw56n62_150 1125734 1626921 30.8059 0.00555123
N-tiw56n62_250 3067768 4142745 25.9484 0.0279256
N-tiw56n66_150 1498631 2107619 28.8946 0.00596676
N-tiw56n66_250 3913651 5370404 27.1256 0.025522
N-tiw56n67_150 1626496 2372926 31.4561 0.00650738
N-tiw56n67_250 4365363 6324858 30.9809 0.0330239
N-tiw56n72_150 2696466 4135907 34.8035 0.00744403
N-tiw56n72_250 7983930 11149706 28.3934 0.0259308
N-tiw56r54_150 664595 958192 30.6407 0.00576491
N-tiw56r54_250 1769375 2387349 25.8854 0.0258087
N-tiw56r58_150 867904 1219295 28.8192 0.00574917
N-tiw56r58_250 2227462 3060323 27.2148 0.0263476
N-tiw56r66_150 1358625 1940755 29.995 0.00553826
N-tiw56r66_250 3609957 4948414 27.0482 0.0251474
N-tiw56r67_150 1486154 2056347 27.7284 0.00550825
N-tiw56r67_250 3754123 5289658 29.029 0.0270169
N-tiw56r72_150 1930294 2823758 31.641 0.00664781
N-tiw56r72_250 5313195 7451579 28.6971 0.0264229
