N-be75eec_150 3407446 3482828 2.16439 13.14
N-be75eec_250 8680261 8893533 2.39806 75.9692
N-be75np_150 6986023 7174325 2.62467 8.73852
N-be75np_250 17468277 17814072 1.94113 83.5621
N-be75oi_150 2219267 2246534 1.21374 16.5464
N-be75oi_250 5798178 5910096 1.89367 97.3623
N-be75tot_150 11914889 12287707 3.03407 12.5895
N-be75tot_250 30480499 30958609 1.54435 115.888
N-stabu1_150 2829181 2875732 1.61875 14.0146
N-stabu1_250 7590609 7742444 1.96107 106.823
N-stabu2_150 4276970 4327538 1.16852 13.6861
N-stabu2_250 11322660 11500448 1.54592 123.064
N-stabu3_150 4464800 4510445 1.01198 14.5588
N-stabu3_250 11700927 11900315 1.67549 86.5069
N-t59b11xx_150 3148245 3239550 2.81845 11.8051
N-t59b11xx_250 8194430 8411910 2.58538 102.793
N-t59d11xx_150 1422803 1462697 2.72743 12.4693
N-t59d11xx_250 3783982 3841167 1.48874 120.655
N-t59f11xx_150 1505635 1543733 2.46791 10.9995
N-t59f11xx_250 3932955 3993006 1.5039 130.086
N-t59n11xx_150 309324 318960 3.02107 10.9926
N-t59n11xx_250 802816 825608 2.76063 73.4928
N-t65b11xx_150 6326017 6453836 1.98051 20.4161
N-t65b11xx_250 16908951 17273996 2.11326 117.944
N-t65d11xx_150 3452058 3559347 3.01429 8.31846
N-t65d11xx_250 9115534 9351696 2.52534 96.7399
N-t65f11xx_150 3077090 3159326 2.60296 9.19774
N-t65f11xx_250 8290471 8409567 1.4162 106.413
N-t65l11xx_150 249780 253396 1.42702 9.41688
N-t65l11xx_250 650005 666254 2.43886 72.0574
N-t65n11xx_150 538335 550733 2.25118 12.6827
N-t65n11xx_250 1397572 1429362 2.22407 87.9424
N-t69r11xx_150 11616542 11855957 2.01936 12.0298
N-t69r11xx_250 30993123 31815927 2.58614 96.9932
N-t70b11xx_150 9406825 9647229 2.49195 10.3691
N-t70b11xx_250 24655930 25403045 2.94105 77.9125
N-t70d11xn_150 5652225 5825147 2.96854 7.56554
N-t70d11xn_250 14896726 15207063 2.04074 98.0586
N-t70d11xx_150 6055069 6174178 1.92915 16.0379
N-t70d11xx_250 15705564 16040574 2.08852 77.8547
N-t70f11xx_150 5029849 5150097 2.33487 14.8147
N-t70f11xx_250 13317806 13586135 1.97502 62.4887
N-t70l11xx_150 428250 436862 1.97133 13.7647
N-t70l11xx_250 1086830 1113128 2.36253 73.3712
N-t70n11xx_150 924174 948913 2.60709 11.3357
N-t70n11xx_250 2396853 2444390 1.94474 78.2114
N-t74d11xx_150 9239584 9396044 1.66517 11.4152
N-t74d11xx_250 24127623 24430250 1.23874 121.03
N-t75d11xx_150 9432718 9642140 2.17195 9.77511
N-t75d11xx_250 24596234 25017059 1.68215 92.647
N-t75e11xx_150 40998362 41570193 1.37558 16.6119
N-t75e11xx_250 105156498 106873878 1.60692 111.466
N-t75k11xx_150 1513684 1541596 1.81059 14.3603
N-t75k11xx_250 4025850 4093849 1.661 128.43
N-t75n11xx_150 1699943 1743094 2.47554 15.9727
N-t75n11xx_250 4438230 4524942 1.91631 77.375
N-tiw56n54_150 818198 837945 2.3566 13.1057
N-tiw56n54_250 2048479 2098726 2.39417 139.183
N-tiw56n58_150 1123395 1155392 2.76936 8.71058
N-tiw56n58_250 2830545 2906657 2.61854 80.6214
N-tiw56n62_150 1591511 1626921 2.1765 10.054
N-tiw56n62_250 4060697 4142745 1.98052 118.364
N-tiw56n66_150 2060108 2107619 2.25425 13.596
N-tiw56n66_250 5241226 5370404 2.40537 129.859
N-tiw56n67_150 2335100 2372926 1.59407 15.7102
N-tiw56n67_250 6205656 6324858 1.88466 107.226
N-tiw56n72_150 4050849 4135907 2.05657 10.2686
N-tiw56n72_250 10927885 11149706 1.98948 115.732
N-tiw56r54_150 940049 958192 1.89346 15.6508
N-tiw56r54_250 2339472 2387349 2.00545 107.387
N-tiw56r58_150 1194916 1219295 1.99943 13.1515
N-tiw56r58_250 2975918 3060323 2.75804 87.9086
N-tiw56r66_150 1887281 1940755 2.75532 17.0579
N-tiw56r66_250 4826451 4948414 2.46469 84.375
N-tiw56r67_150 2020461 2056347 1.74513 16.0756
N-tiw56r67_250 5207964 5289658 1.54441 133.702
N-tiw56r72_150 2760745 2823758 2.23153 15.616
N-tiw56r72_250 7313881 7451579 1.8479 123.526
