N-be75eec_150 2116413 3482828 39.2329 0.0489592
N-be75eec_250 6000741 8893533 32.5269 0.269752
N-be75np_150 4801265 7174325 33.0771 0.0814703
N-be75np_250 12708060 17814072 28.6628 0.290385
N-be75oi_150 1698075 2246534 24.4136 0.050504
N-be75oi_250 3786037 5910096 35.9395 0.247027
N-be75tot_150 8584976 12287707 30.1336 0.0626988
N-be75tot_250 21707917 30958609 29.8808 0.350174
N-stabu1_150 1989343 2875732 30.8231 0.0597697
N-stabu1_250 5867819 7742444 24.2123 0.269865
N-stabu2_150 3184343 4327538 26.4168 0.0477393
N-stabu2_250 8171568 11500448 28.9457 0.272645
N-stabu3_150 3074482 4510445 31.8364 0.0574013
N-stabu3_250 8308501 11900315 30.1825 0.354429
N-t59b11xx_150 2180255 3239550 32.6988 0.0486057
N-t59b11xx_250 5851965 8411910 30.4324 0.268173
N-t59d11xx_150 1004493 1462697 31.326 0.0628608
N-t59d11xx_250 2843167 3841167 25.9817 0.259573
N-t59f11xx_150 1093008 1543733 29.1971 0.0486761
N-t59f11xx_250 2816448 3993006 29.4655 0.48433
N-t59n11xx_150 210546 318960 33.9898 0.0491047
N-t59n11xx_250 586636 825608 28.945 0.373172
N-t65b11xx_150 4354464 6453836 32.5291 0.0620886
N-t65b11xx_250 11542106 17273996 33.1822 0.252057
N-t65d11xx_150 2550168 3559347 28.3529 0.0612797
N-t65d11xx_250 6705190 9351696 28.2997 0.315566
N-t65f11xx_150 2143249 3159326 32.1612 0.060581
N-t65f11xx_250 6024991 8409567 28.3555 0.306162
N-t65l11xx_150 160962 253396 36.4781 0.0504156
N-t65l11xx_250 416859 666254 37.4324 0.25556
N-t65n11xx_150 375668 550733 31.7876 0.0537596
N-t65n11xx_250 973688 1429362 31.8795 0.352486
N-t69r11xx_150 7952814 11855957 32.9214 0.0780403
N-t69r11xx_250 21713527 31815927 31.7527 0.293517
N-t70b11xx_150 6516275 9647229 32.4544 0.0562654
N-t70b11xx_250 17563566 25403045 30.8604 0.334201
N-t70d11xn_150 4059196 5825147 30.316 0.0754639
N-t70d11xn_250 10670429 15207063 29.8324 0.424301
N-t70d11xx_150 4412372 6174178 28.5351 0.062314
N-t70d11xx_250 11449623 16040574 28.6209 0.303527
N-t70f11xx_150 3757474 5150097 27.0407 0.0591746
N-t70f11xx_250 9869522 13586135 27.3559 0.26057
N-t70l11xx_150 275270 436862 36.9893 0.0430848
N-t70l11xx_250 707143 1113128 36.4724 0.314164
N-t70n11xx_150 628725 948913 33.7426 0.0860976
N-t70n11xx_250 1699220 2444390 30.4849 0.342149
N-t74d11xx_150 6593471 9396044 29.8272 0.0758808
N-t74d11xx_250 17472640 24430250 28.4795 0.39751
N-t75d11xx_150 6624773 9642140 31.2935 0.0625608
N-t75d11xx_250 17920432 25017059 28.3672 0.452797
N-t75e11xx_150 28466865 41570193 31.521 0.0757285
N-t75e11xx_250 72422927 106873878 32.2351 0.36332
N-t75k11xx_150 1027982 1541596 33.317 0.0816289
N-t75k11xx_250 2938528 4093849 28.2209 0.231125
N-t75n11xx_150 1147483 1743094 34.1698 0.0584359
N-t75n11xx_250 3266057 4524942 27.821 0.311858
N-tiw56n54_150 609773 837945 27.2299 0.0597187
N-tiw56n54_250 1545835 2098726 26.3441 0.346488
N-tiw56n58_150 825855 1155392 28.5217 0.0709615
N-tiw56n58_250 2172785 2906657 25.248 0.34048
N-tiw56n62_150 1150582 1626921 29.2786 0.0484946
N-tiw56n62_250 3107753 4142745 24.9832 0.294377
N-tiw56n66_150 1510719 2107619 28.3211 0.0618365
N-tiw56n66_250 3953874 5370404 26.3766 0.307721
N-tiw56n67_150 1640379 2372926 30.871 0.0469893
N-tiw56n67_250 4398375 6324858 30.4589 0.350942
N-tiw56n72_150 2730039 4135907 33.9918 0.0609396
N-tiw56n72_250 8086686 11149706 27.4718 0.302187
N-tiw56r54_150 675533 958192 29.4992 0.0913438
N-tiw56r54_250 1790345 2387349 25.007 0.399217
N-tiw56r58_150 880883 1219295 27.7547 0.066813
N-tiw56r58_250 2248328 3060323 26.533 0.308592
N-tiw56r66_150 1382119 1940755 28.7845 0.0853416
N-tiw56r66_250 3629888 4948414 26.6454 0.321792
N-tiw56r67_150 1504074 2056347 26.857 0.0591943
N-tiw56r67_250 3775145 5289658 28.6316 0.389449
N-tiw56r72_150 1962721 2823758 30.4926 0.0495908
N-tiw56r72_250 5378642 7451579 27.8188 0.360636
