N-be75eec_150 2657375 3482828 23.7007 0.0186669
N-be75eec_250 6952930 8893533 21.8204 0.0711216
N-be75np_150 5720905 7174325 20.2586 0.0277244
N-be75np_250 14324503 17814072 19.5888 0.103648
N-be75oi_150 1850961 2246534 17.6081 0.0158467
N-be75oi_250 4781494 5910096 19.0962 0.0722689
N-be75tot_150 9476636 12287707 22.8771 0.0238969
N-be75tot_250 24780138 30958609 19.9572 0.0817605
N-stabu1_150 2269045 2875732 21.0968 0.026294
N-stabu1_250 6255780 7742444 19.2015 0.0986135
N-stabu2_150 3416385 4327538 21.0548 0.0323302
N-stabu2_250 9131075 11500448 20.6024 0.132072
N-stabu3_150 3559044 4510445 21.0933 0.0291222
N-stabu3_250 9369398 11900315 21.2676 0.0984904
N-t59b11xx_150 2447230 3239550 24.4577 0.0210499
N-t59b11xx_250 6666725 8411910 20.7466 0.0732806
N-t59d11xx_150 1110592 1462697 24.0723 0.0184123
N-t59d11xx_250 3109380 3841167 19.0512 0.0783788
N-t59f11xx_150 1202767 1543733 22.0871 0.0185071
N-t59f11xx_250 3099465 3993006 22.3777 0.064829
N-t59n11xx_150 235383 318960 26.203 0.0183634
N-t59n11xx_250 639439 825608 22.5493 0.0796949
N-t65b11xx_150 5083950 6453836 21.2259 0.021221
N-t65b11xx_250 13824836 17273996 19.9674 0.112328
N-t65d11xx_150 2777233 3559347 21.9735 0.0243361
N-t65d11xx_250 7435794 9351696 20.4872 0.0807438
N-t65f11xx_150 2435847 3159326 22.8998 0.021577
N-t65f11xx_250 6573665 8409567 21.8311 0.0778592
N-t65l11xx_150 210295 253396 17.0093 0.0133631
N-t65l11xx_250 522785 666254 21.5337 0.0572329
N-t65n11xx_150 409199 550733 25.6992 0.0185996
N-t65n11xx_250 1101940 1429362 22.9069 0.0900887
N-t69r11xx_150 8581805 11855957 27.6161 0.0191264
N-t69r11xx_250 24479680 31815927 23.0584 0.0931096
N-t70b11xx_150 7442442 9647229 22.8541 0.0239741
N-t70b11xx_250 20008532 25403045 21.2357 0.0785955
N-t70d11xn_150 4555030 5825147 21.804 0.0263921
N-t70d11xn_250 12269098 15207063 19.3197 0.0970229
N-t70d11xx_150 4943317 6174178 19.9356 0.0355524
N-t70d11xx_250 12897061 16040574 19.5973 0.124009
N-t70f11xx_150 4021334 5150097 21.9173 0.0223252
N-t70f11xx_250 10662331 13586135 21.5205 0.081174
N-t70l11xx_150 315398 436862 27.8037 0.0156683
N-t70l11xx_250 811268 1113128 27.1182 0.0493062
N-t70n11xx_150 695177 948913 26.7396 0.0209916
N-t70n11xx_250 1889245 2444390 22.711 0.0813798
N-t74d11xx_150 7500059 9396044 20.1785 0.0238061
N-t74d11xx_250 19584099 24430250 19.8367 0.0780954
N-t75d11xx_150 7563733 9642140 21.5555 0.0292144
N-t75d11xx_250 19976296 25017059 20.1493 0.08347
N-t75e11xx_150 32839998 41570193 21.0011 0.0265073
N-t75e11xx_250 81771984 106873878 23.4874 0.0778699
N-t75k11xx_150 1133442 1541596 26.4761 0.0189421
N-t75k11xx_250 3212458 4093849 21.5296 0.0790346
N-t75n11xx_150 1291642 1743094 25.8995 0.0239601
N-t75n11xx_250 3485157 4524942 22.979 0.0706168
N-tiw56n54_150 657092 837945 21.5829 0.0210279
N-tiw56n54_250 1653619 2098726 21.2084 0.0870831
N-tiw56n58_150 918533 1155392 20.5003 0.0264085
N-tiw56n58_250 2346993 2906657 19.2546 0.108346
N-tiw56n62_150 1284219 1626921 21.0645 0.0268759
N-tiw56n62_250 3337550 4142745 19.4363 0.0832531
N-tiw56n66_150 1641538 2107619 22.1141 0.021959
N-tiw56n66_250 4342700 5370404 19.1364 0.11464
N-tiw56n67_150 1806196 2372926 23.8832 0.0284191
N-tiw56n67_250 5122695 6324858 19.007 0.0705355
N-tiw56n72_150 3148064 4135907 23.8846 0.0365272
N-tiw56n72_250 8982798 11149706 19.4347 0.0974733
N-tiw56r54_150 752225 958192 21.4954 0.0282779
N-tiw56r54_250 1891429 2387349 20.7728 0.103245
N-tiw56r58_150 960733 1219295 21.2059 0.027803
N-tiw56r58_250 2468108 3060323 19.3514 0.114265
N-tiw56r66_150 1512364 1940755 22.0734 0.0244483
N-tiw56r66_250 4006193 4948414 19.0409 0.0892932
N-tiw56r67_150 1625092 2056347 20.9719 0.0263123
N-tiw56r67_250 4319512 5289658 18.3404 0.0939166
N-tiw56r72_150 2102579 2823758 25.5397 0.0231947
N-tiw56r72_250 5958143 7451579 20.0419 0.0798119
