N-be75eec_150 2100024 3482828 39.7035 0.00536379
N-be75eec_250 5956570 8893533 33.0236 0.0261413
N-be75np_150 4669107 7174325 34.9192 0.00694999
N-be75np_250 12595719 17814072 29.2934 0.0269409
N-be75oi_150 1690114 2246534 24.7679 0.00650639
N-be75oi_250 3759653 5910096 36.3859 0.0427361
N-be75tot_150 8411166 12287707 31.5481 0.00647961
N-be75tot_250 21548806 30958609 30.3948 0.0261927
N-stabu1_150 1958569 2875732 31.8932 0.00586472
N-stabu1_250 5819346 7742444 24.8384 0.0271531
N-stabu2_150 3159462 4327538 26.9917 0.00532527
N-stabu2_250 8089220 11500448 29.6617 0.0275098
N-stabu3_150 3058131 4510445 32.1989 0.00602858
N-stabu3_250 8202854 11900315 31.0703 0.0260574
N-t59b11xx_150 2126815 3239550 34.3484 0.00550895
N-t59b11xx_250 5793595 8411910 31.1263 0.0254794
N-t59d11xx_150 985419 1462697 32.63 0.00599769
N-t59d11xx_250 2794121 3841167 27.2585 0.0261535
N-t59f11xx_150 1077333 1543733 30.2125 0.00573277
N-t59f11xx_250 2801325 3993006 29.8442 0.0256348
N-t59n11xx_150 209205 318960 34.4103 0.00577272
N-t59n11xx_250 578335 825608 29.9504 0.0258454
N-t65b11xx_150 4286929 6453836 33.5755 0.00646272
N-t65b11xx_250 11464403 17273996 33.632 0.0331769
N-t65d11xx_150 2507225 3559347 29.5594 0.00829912
N-t65d11xx_250 6626612 9351696 29.14 0.0293949
N-t65f11xx_150 2104125 3159326 33.3996 0.00610666
N-t65f11xx_250 5978958 8409567 28.9029 0.0277094
N-t65l11xx_150 160453 253396 36.679 0.00675548
N-t65l11xx_250 413181 666254 37.9845 0.0315998
N-t65n11xx_150 368698 550733 33.0532 0.00805073
N-t65n11xx_250 967898 1429362 32.2846 0.0342555
N-t69r11xx_150 7871442 11855957 33.6077 0.00634225
N-t69r11xx_250 21421292 31815927 32.6712 0.0285702
N-t70b11xx_150 6372641 9647229 33.9433 0.00604983
N-t70b11xx_250 17281147 25403045 31.9721 0.0324755
N-t70d11xn_150 4024203 5825147 30.9167 0.00766906
N-t70d11xn_250 10510230 15207063 30.8859 0.0374471
N-t70d11xx_150 4289255 6174178 30.5291 0.00638984
N-t70d11xx_250 11324176 16040574 29.4029 0.0303144
N-t70f11xx_150 3692259 5150097 28.307 0.0073277
N-t70f11xx_250 9778335 13586135 28.0271 0.0323959
N-t70l11xx_150 270039 436862 38.1867 0.00601766
N-t70l11xx_250 702005 1113128 36.934 0.0263654
N-t70n11xx_150 617828 948913 34.891 0.00594502
N-t70n11xx_250 1673718 2444390 31.5282 0.0298819
N-t74d11xx_150 6422096 9396044 31.6511 0.00592436
N-t74d11xx_250 17215527 24430250 29.5319 0.0267078
N-t75d11xx_150 6557711 9642140 31.9891 0.00624754
N-t75d11xx_250 17777676 25017059 28.9378 0.0259881
N-t75e11xx_150 28199653 41570193 32.1638 0.00572068
N-t75e11xx_250 72034552 106873878 32.5985 0.0289928
N-t75k11xx_150 1009036 1541596 34.546 0.00645427
N-t75k11xx_250 2917402 4093849 28.7369 0.0265096
N-t75n11xx_150 1135381 1743094 34.864 0.00627137
N-t75n11xx_250 3221124 4524942 28.814 0.0279742
N-tiw56n54_150 601631 837945 28.2016 0.00587175
N-tiw56n54_250 1532043 2098726 27.0013 0.0268026
N-tiw56n58_150 816850 1155392 29.3011 0.00634155
N-tiw56n58_250 2152589 2906657 25.9428 0.0260723
N-tiw56n62_150 1126016 1626921 30.7885 0.00685269
N-tiw56n62_250 3067727 4142745 25.9494 0.0276547
N-tiw56n66_150 1499083 2107619 28.8732 0.00890977
N-tiw56n66_250 3913651 5370404 27.1256 0.0249661
N-tiw56n67_150 1626960 2372926 31.4365 0.0056292
N-tiw56n67_250 4365838 6324858 30.9733 0.0269271
N-tiw56n72_150 2696530 4135907 34.802 0.00619245
N-tiw56n72_250 7983930 11149706 28.3934 0.0249445
N-tiw56r54_150 669274 958192 30.1524 0.00678253
N-tiw56r54_250 1769375 2387349 25.8854 0.0276366
N-tiw56r58_150 867986 1219295 28.8125 0.00580262
N-tiw56r58_250 2227496 3060323 27.2137 0.028616
N-tiw56r66_150 1360441 1940755 29.9015 0.00703973
N-tiw56r66_250 3613272 4948414 26.9812 0.0356408
N-tiw56r67_150 1486142 2056347 27.729 0.00671804
N-tiw56r67_250 3754111 5289658 29.0292 0.0275891
N-tiw56r72_150 1930292 2823758 31.641 0.0060638
N-tiw56r72_250 5313276 7451579 28.696 0.0279105
