N-be75eec_150 2892073 3482828 16.9619 0.850825
N-be75eec_250 7604620 8893533 14.4927 5.81482
N-be75np_150 6245069 7174325 12.9525 0.825084
N-be75np_250 15575355 17814072 12.5671 5.91799
N-be75oi_150 2004776 2246534 10.7614 0.835352
N-be75oi_250 5270669 5910096 10.8192 5.78689
N-be75tot_150 10549820 12287707 14.1433 0.822046
N-be75tot_250 26536458 30958609 14.2841 5.81265
N-stabu1_150 2466152 2875732 14.2426 0.861299
N-stabu1_250 6730769 7742444 13.0666 5.76872
N-stabu2_150 3817167 4327538 11.7936 0.844195
N-stabu2_250 9939537 11500448 13.5726 5.77693
N-stabu3_150 3961857 4510445 12.1626 0.857357
N-stabu3_250 10327002 11900315 13.2208 5.8043
N-t59b11xx_150 2762480 3239550 14.7264 0.907091
N-t59b11xx_250 7181750 8411910 14.624 5.83416
N-t59d11xx_150 1234594 1462697 15.5947 0.86287
N-t59d11xx_250 3286259 3841167 14.4463 5.81378
N-t59f11xx_150 1346006 1543733 12.8084 0.868213
N-t59f11xx_250 3437673 3993006 13.9076 5.85995
N-t59n11xx_150 275086 318960 13.7553 0.843582
N-t59n11xx_250 712957 825608 13.6446 5.95765
N-t65b11xx_150 5537296 6453836 14.2015 0.854771
N-t65b11xx_250 14898472 17273996 13.752 5.92706
N-t65d11xx_150 3016682 3559347 15.2462 0.827148
N-t65d11xx_250 7913691 9351696 15.3769 5.84752
N-t65f11xx_150 2766883 3159326 12.4217 0.823933
N-t65f11xx_250 7227063 8409567 14.0614 5.84512
N-t65l11xx_150 219374 253396 13.4264 0.835228
N-t65l11xx_250 588690 666254 11.6418 6.00135
N-t65n11xx_150 474577 550733 13.8281 0.847096
N-t65n11xx_250 1210598 1429362 15.305 5.85112
N-t69r11xx_150 10358109 11855957 12.6337 0.853189
N-t69r11xx_250 27078814 31815927 14.8891 5.85744
N-t70b11xx_150 8369359 9647229 13.246 0.832031
N-t70b11xx_250 21677114 25403045 14.6673 5.83809
N-t70d11xn_150 5083717 5825147 12.7281 0.846409
N-t70d11xn_250 13064134 15207063 14.0917 5.84109
N-t70d11xx_150 5325078 6174178 13.7524 0.849778
N-t70d11xx_250 13841940 16040574 13.7067 5.87481
N-t70f11xx_150 4433379 5150097 13.9166 0.826844
N-t70f11xx_250 11799232 13586135 13.1524 5.85089
N-t70l11xx_150 375852 436862 13.9655 0.837533
N-t70l11xx_250 943930 1113128 15.2002 5.79562
N-t70n11xx_150 812757 948913 14.3486 0.832921
N-t70n11xx_250 2059930 2444390 15.7283 5.96286
N-t74d11xx_150 8002449 9396044 14.8317 0.826417
N-t74d11xx_250 21084412 24430250 13.6955 5.94646
N-t75d11xx_150 8170103 9642140 15.2667 0.818958
N-t75d11xx_250 21588920 25017059 13.7032 5.79252
N-t75e11xx_150 35741084 41570193 14.0223 0.856316
N-t75e11xx_250 91693805 106873878 14.2037 5.8647
N-t75k11xx_150 1331488 1541596 13.6293 0.831662
N-t75k11xx_250 3502053 4093849 14.4557 5.76663
N-t75n11xx_150 1501179 1743094 13.8785 0.825807
N-t75n11xx_250 3856088 4524942 14.7815 5.75456
N-tiw56n54_150 726436 837945 13.3074 0.845032
N-tiw56n54_250 1822052 2098726 13.183 5.86733
N-tiw56n58_150 1009367 1155392 12.6386 0.834554
N-tiw56n58_250 2492435 2906657 14.2508 5.86465
N-tiw56n62_150 1417945 1626921 12.8449 0.825956
N-tiw56n62_250 3546079 4142745 14.4027 5.84797
N-tiw56n66_150 1839944 2107619 12.7004 0.828502
N-tiw56n66_250 4568235 5370404 14.9368 5.82895
N-tiw56n67_150 2053365 2372926 13.467 0.836264
N-tiw56n67_250 5466766 6324858 13.567 5.8448
N-tiw56n72_150 3575002 4135907 13.5618 0.830233
N-tiw56n72_250 9778300 11149706 12.2999 5.79101
N-tiw56r54_150 827935 958192 13.594 0.850586
N-tiw56r54_250 2052706 2387349 14.0173 5.82611
N-tiw56r58_150 1068232 1219295 12.3894 0.839769
N-tiw56r58_250 2631615 3060323 14.0086 5.90108
N-tiw56r66_150 1686443 1940755 13.1038 0.853866
N-tiw56r66_250 4221378 4948414 14.6923 5.93058
N-tiw56r67_150 1805843 2056347 12.182 0.822728
N-tiw56r67_250 4536339 5289658 14.2414 5.82388
N-tiw56r72_150 2472780 2823758 12.4295 0.842903
N-tiw56r72_250 6422934 7451579 13.8044 5.81677
