N-be75eec_150 2077011 3482828 40.3642 0.0163333
N-be75eec_250 5522274 8893533 37.9069 0.0957758
N-be75np_150 4452357 7174325 37.9404 0.0204209
N-be75np_250 11716181 17814072 34.2308 0.0727886
N-be75oi_150 1230778 2246534 45.2144 0.0164073
N-be75oi_250 3609310 5910096 38.9298 0.056203
N-be75tot_150 7750987 12287707 36.9208 0.0211895
N-be75tot_250 20681095 30958609 33.1976 0.0547405
N-stabu1_150 1778581 2875732 38.1521 0.0213736
N-stabu1_250 5120415 7742444 33.8657 0.0606745
N-stabu2_150 2943466 4327538 31.9829 0.0291995
N-stabu2_250 7437895 11500448 35.3252 0.0615382
N-stabu3_150 3018340 4510445 33.0811 0.0214824
N-stabu3_250 7974395 11900315 32.9901 0.0698159
N-t59b11xx_150 2068325 3239550 36.1539 0.0142913
N-t59b11xx_250 5756675 8411910 31.5652 0.039483
N-t59d11xx_150 999825 1462697 31.6451 0.0162868
N-t59d11xx_250 2611819 3841167 32.0045 0.0548531
N-t59f11xx_150 931799 1543733 39.6399 0.0196562
N-t59f11xx_250 2741953 3993006 31.3311 0.0475887
N-t59n11xx_150 203310 318960 36.2585 0.0137977
N-t59n11xx_250 562203 825608 31.9044 0.048434
N-t65b11xx_150 4012421 6453836 37.8289 0.0178534
N-t65b11xx_250 11443208 17273996 33.7547 0.0621364
N-t65d11xx_150 2320087 3559347 34.8171 0.018678
N-t65d11xx_250 6316091 9351696 32.4605 0.0489098
N-t65f11xx_150 2045643 3159326 35.2507 0.0196973
N-t65f11xx_250 5767830 8409567 31.4135 0.0615151
N-t65l11xx_150 138515 253396 45.3365 0.010934
N-t65l11xx_250 422592 666254 36.5719 0.0327747
N-t65n11xx_150 357773 550733 35.0369 0.0140815
N-t65n11xx_250 949409 1429362 33.5781 0.046685
N-t69r11xx_150 7499655 11855957 36.7436 0.0230058
N-t69r11xx_250 20130870 31815927 36.7271 0.057775
N-t70b11xx_150 6025444 9647229 37.5422 0.0136101
N-t70b11xx_250 16454676 25403045 35.2256 0.054022
N-t70d11xn_150 3897758 5825147 33.0874 0.0212041
N-t70d11xn_250 10464407 15207063 31.1872 0.0874822
N-t70d11xx_150 3947092 6174178 36.071 0.0237307
N-t70d11xx_250 11130283 16040574 30.6117 0.0574307
N-t70f11xx_150 3321921 5150097 35.4979 0.0263597
N-t70f11xx_250 9429437 13586135 30.5951 0.0535972
N-t70l11xx_150 246502 436862 43.5744 0.0131776
N-t70l11xx_250 661957 1113128 40.5318 0.0322599
N-t70n11xx_150 594515 948913 37.3478 0.0303542
N-t70n11xx_250 1664924 2444390 31.888 0.0534898
N-t74d11xx_150 6289805 9396044 33.059 0.0215325
N-t74d11xx_250 16594749 24430250 32.0729 0.0762591
N-t75d11xx_150 6348294 9642140 34.1609 0.026348
N-t75d11xx_250 17001239 25017059 32.0414 0.0773281
N-t75e11xx_150 26051134 41570193 37.3322 0.0188541
N-t75e11xx_250 70010125 106873878 34.4928 0.118491
N-t75k11xx_150 1031855 1541596 33.0658 0.0164764
N-t75k11xx_250 2736561 4093849 33.1543 0.0688721
N-t75n11xx_150 1094338 1743094 37.2186 0.0183835
N-t75n11xx_250 2937222 4524942 35.0882 0.0611613
N-tiw56n54_150 529569 837945 36.8015 0.0192291
N-tiw56n54_250 1453770 2098726 30.7308 0.0537487
N-tiw56n58_150 812073 1155392 29.7145 0.0160337
N-tiw56n58_250 2078092 2906657 28.5058 0.0545399
N-tiw56n62_150 1108379 1626921 31.8726 0.0217314
N-tiw56n62_250 2950652 4142745 28.7754 0.061924
N-tiw56n66_150 1427154 2107619 32.286 0.0185672
N-tiw56n66_250 3699584 5370404 31.1116 0.0535381
N-tiw56n67_150 1500780 2372926 36.754 0.0246593
N-tiw56n67_250 4332423 6324858 31.5017 0.0805331
N-tiw56n72_150 2695004 4135907 34.8389 0.0185512
N-tiw56n72_250 7421591 11149706 33.4369 0.049016
N-tiw56r54_150 629572 958192 34.2958 0.0186235
N-tiw56r54_250 1616860 2387349 32.2738 0.0627813
N-tiw56r58_150 831897 1219295 31.7723 0.0159403
N-tiw56r58_250 2164400 3060323 29.2754 0.0527621
N-tiw56r66_150 1291820 1940755 33.4372 0.0170622
N-tiw56r66_250 3447055 4948414 30.3402 0.068344
N-tiw56r67_150 1357090 2056347 34.0048 0.0186962
N-tiw56r67_250 3623912 5289658 31.4906 0.0627191
N-tiw56r72_150 1872336 2823758 33.6935 0.0166593
N-tiw56r72_250 5086590 7451579 31.7381 0.0568559
