N-be75eec_150 2012813 3482828 42.2075 0.0988828
N-be75eec_250 5832440 8893533 34.4193 0.510371
N-be75np_150 4636808 7174325 35.3694 0.142659
N-be75np_250 11476614 17814072 35.5756 0.381156
N-be75oi_150 1016334 2246534 54.7599 0.0761507
N-be75oi_250 3546008 5910096 40.0008 0.282675
N-be75tot_150 7793210 12287707 36.5772 0.0956528
N-be75tot_250 20976435 30958609 32.2436 0.310288
N-stabu1_150 1917476 2875732 33.3222 0.0900863
N-stabu1_250 5162205 7742444 33.3259 0.478971
N-stabu2_150 2736029 4327538 36.7763 0.121859
N-stabu2_250 7708269 11500448 32.9742 0.771723
N-stabu3_150 2991867 4510445 33.668 0.0865481
N-stabu3_250 8193610 11900315 31.148 0.390565
N-t59b11xx_150 2160510 3239550 33.3083 0.0719758
N-t59b11xx_250 5771135 8411910 31.3933 0.259009
N-t59d11xx_150 923321 1462697 36.8754 0.0542996
N-t59d11xx_250 2689861 3841167 29.9728 0.345994
N-t59f11xx_150 996536 1543733 35.4463 0.0931854
N-t59f11xx_250 2732404 3993006 31.5703 0.347193
N-t59n11xx_150 194683 318960 38.9632 0.0585026
N-t59n11xx_250 548151 825608 33.6064 0.639685
N-t65b11xx_150 4177884 6453836 35.2651 0.0735077
N-t65b11xx_250 10928402 17273996 36.735 0.418576
N-t65d11xx_150 2416580 3559347 32.1061 0.108633
N-t65d11xx_250 6541681 9351696 30.0482 0.329418
N-t65f11xx_150 2126919 3159326 32.6781 0.0739402
N-t65f11xx_250 5684984 8409567 32.3986 0.313087
N-t65l11xx_150 138390 253396 45.3859 0.0568088
N-t65l11xx_250 364371 666254 45.3105 0.159769
N-t65n11xx_150 333927 550733 39.3668 0.0601455
N-t65n11xx_250 962408 1429362 32.6687 0.296615
N-t69r11xx_150 8140250 11855957 31.3404 0.0690306
N-t69r11xx_250 19734307 31815927 37.9735 0.335746
N-t70b11xx_150 6252796 9647229 35.1856 0.0595917
N-t70b11xx_250 17092278 25403045 32.7156 0.359631
N-t70d11xn_150 3827208 5825147 34.2985 0.0973577
N-t70d11xn_250 10525090 15207063 30.7881 0.440888
N-t70d11xx_150 3796588 6174178 38.5086 0.097402
N-t70d11xx_250 11131617 16040574 30.6034 0.554656
N-t70f11xx_150 3568119 5150097 30.7174 0.0653769
N-t70f11xx_250 9479252 13586135 30.2285 0.356485
N-t70l11xx_150 255135 436862 41.5983 0.0760384
N-t70l11xx_250 666993 1113128 40.0794 0.206926
N-t70n11xx_150 614230 948913 35.2701 0.153596
N-t70n11xx_250 1606382 2444390 34.2829 0.429681
N-t74d11xx_150 6457965 9396044 31.2693 0.0809913
N-t74d11xx_250 16653331 24430250 31.8332 0.355364
N-t75d11xx_150 6107488 9642140 36.6584 0.0934374
N-t75d11xx_250 17507867 25017059 30.0163 0.404034
N-t75e11xx_150 26338285 41570193 36.6414 0.118049
N-t75e11xx_250 72439225 106873878 32.2199 0.413533
N-t75k11xx_150 1039874 1541596 32.5456 0.0725111
N-t75k11xx_250 2878014 4093849 29.6991 0.445839
N-t75n11xx_150 1130015 1743094 35.1719 0.0727511
N-t75n11xx_250 3046611 4524942 32.6707 0.361046
N-tiw56n54_150 541276 837945 35.4044 0.147692
N-tiw56n54_250 1482739 2098726 29.3505 0.500611
N-tiw56n58_150 776539 1155392 32.79 0.0550545
N-tiw56n58_250 2069757 2906657 28.7925 0.310648
N-tiw56n62_150 1167337 1626921 28.2487 0.105164
N-tiw56n62_250 2924755 4142745 29.4006 0.520323
N-tiw56n66_150 1355647 2107619 35.6787 0.070376
N-tiw56n66_250 3758013 5370404 30.0236 0.402914
N-tiw56n67_150 1566907 2372926 33.9673 0.132746
N-tiw56n67_250 4400819 6324858 30.4203 0.439081
N-tiw56n72_150 2677964 4135907 35.2509 0.104437
N-tiw56n72_250 7676281 11149706 31.1526 0.598731
N-tiw56r54_150 656893 958192 31.4445 0.11827
N-tiw56r54_250 1616419 2387349 32.2923 0.447983
N-tiw56r58_150 827974 1219295 32.094 0.0757714
N-tiw56r58_250 2012629 3060323 34.2348 0.481037
N-tiw56r66_150 1285886 1940755 33.743 0.0821492
N-tiw56r66_250 3463339 4948414 30.0111 0.710889
N-tiw56r67_150 1313633 2056347 36.1181 0.0927758
N-tiw56r67_250 3506483 5289658 33.7106 0.393449
N-tiw56r72_150 1843743 2823758 34.7061 0.122854
N-tiw56r72_250 4991816 7451579 33.01 0.653397
