N-be75eec_150 1990832 3482828 42.8386 0.000716731
N-be75eec_250 5798748 8893533 34.7982 0.00142752
N-be75np_150 4477381 7174325 37.5916 0.000256697
N-be75np_250 11279007 17814072 36.6848 0.000879007
N-be75oi_150 988711 2246534 55.9895 0.000639638
N-be75oi_250 3524474 5910096 40.3652 0.000886045
N-be75tot_150 7533994 12287707 38.6867 0.000186014
N-be75tot_250 20743001 30958609 32.9976 0.000712499
N-stabu1_150 1885838 2875732 34.4223 0.000252725
N-stabu1_250 5103189 7742444 34.0881 0.000905165
N-stabu2_150 2675385 4327538 38.1777 0.000253819
N-stabu2_250 7629509 11500448 33.659 0.000539382
N-stabu3_150 2920977 4510445 35.2397 0.00018534
N-stabu3_250 8103223 11900315 31.9075 0.00138258
N-t59b11xx_150 2141725 3239550 33.8882 0.000230663
N-t59b11xx_250 5706725 8411910 32.159 0.000474783
N-t59d11xx_150 895414 1462697 38.7834 0.000253383
N-t59d11xx_250 2632447 3841167 31.4675 0.00063925
N-t59f11xx_150 978479 1543733 36.616 0.000390206
N-t59f11xx_250 2711243 3993006 32.1002 0.000496784
N-t59n11xx_150 190627 318960 40.2348 0.000277541
N-t59n11xx_250 538260 825608 34.8044 0.00182375
N-t65b11xx_150 4131276 6453836 35.9873 0.000705497
N-t65b11xx_250 10705861 17273996 38.0233 0.000938863
N-t65d11xx_150 2380174 3559347 33.1289 0.000228835
N-t65d11xx_250 6463439 9351696 30.8848 0.00184845
N-t65f11xx_150 2067590 3159326 34.556 0.000216064
N-t65f11xx_250 5629000 8409567 33.0643 0.00100426
N-t65l11xx_150 136742 253396 46.0362 0.00041333
N-t65l11xx_250 360985 666254 45.8187 0.00376875
N-t65n11xx_150 330159 550733 40.051 0.00020952
N-t65n11xx_250 953313 1429362 33.305 0.000764041
N-t69r11xx_150 8007220 11855957 32.4625 0.000212059
N-t69r11xx_250 19488817 31815927 38.7451 0.000990101
N-t70b11xx_150 6012936 9647229 37.6719 0.00020316
N-t70b11xx_250 16690662 25403045 34.2966 0.00128075
N-t70d11xn_150 3724735 5825147 36.0577 0.000285419
N-t70d11xn_250 10413543 15207063 31.5217 0.000604202
N-t70d11xx_150 3668896 6174178 40.5768 0.000319934
N-t70d11xx_250 10963999 16040574 31.6483 0.000588843
N-t70f11xx_150 3513594 5150097 31.7762 0.000426869
N-t70f11xx_250 9297626 13586135 31.5653 0.00173892
N-t70l11xx_150 246853 436862 43.4941 0.000505078
N-t70l11xx_250 660552 1113128 40.658 0.000554355
N-t70n11xx_150 603187 948913 36.4339 0.000440192
N-t70n11xx_250 1573566 2444390 35.6254 0.0012494
N-t74d11xx_150 6316227 9396044 32.7778 0.000256602
N-t74d11xx_250 16396643 24430250 32.8839 0.000834065
N-t75d11xx_150 5980208 9642140 37.9784 0.000319283
N-t75d11xx_250 17240815 25017059 31.0838 0.00131139
N-t75e11xx_150 25727836 41570193 38.1099 0.000368182
N-t75e11xx_250 71718716 106873878 32.8941 0.000534217
N-t75k11xx_150 1017919 1541596 33.9698 0.000348685
N-t75k11xx_250 2850288 4093849 30.3763 0.000709488
N-t75n11xx_150 1106440 1743094 36.5244 0.000185435
N-t75n11xx_250 3020289 4524942 33.2524 0.00133204
N-tiw56n54_150 525984 837945 37.2293 0.000251763
N-tiw56n54_250 1457089 2098726 30.5727 0.000472683
N-tiw56n58_150 759875 1155392 34.2323 0.000577386
N-tiw56n58_250 2046663 2906657 29.587 0.000964429
N-tiw56n62_150 1132441 1626921 30.3936 0.000601162
N-tiw56n62_250 2870947 4142745 30.6994 0.000484608
N-tiw56n66_150 1311318 2107619 37.782 0.000294043
N-tiw56n66_250 3701064 5370404 31.0841 0.000678399
N-tiw56n67_150 1534111 2372926 35.3494 0.00033567
N-tiw56n67_250 4353561 6324858 31.1675 0.00184129
N-tiw56n72_150 2555829 4135907 38.2039 0.001916
N-tiw56n72_250 7573774 11149706 32.072 0.000486898
N-tiw56r54_150 639502 958192 33.2595 0.000368267
N-tiw56r54_250 1591710 2387349 33.3273 0.000488122
N-tiw56r58_150 817457 1219295 32.9566 0.00026497
N-tiw56r58_250 1970038 3060323 35.6265 0.000533042
N-tiw56r66_150 1276407 1940755 34.2314 0.000573289
N-tiw56r66_250 3411356 4948414 31.0616 0.000650475
N-tiw56r67_150 1286297 2056347 37.4475 0.000190895
N-tiw56r67_250 3466525 5289658 34.466 0.000522607
N-tiw56r72_150 1805992 2823758 36.043 0.000609626
N-tiw56r72_250 4901917 7451579 34.2164 0.000715259
