N-be75eec_150 3368316 3482828 3.2879 14.2902
N-be75eec_250 8622593 8893533 3.04648 96.0589
N-be75np_150 6904563 7174325 3.7601 9.24424
N-be75np_250 17312647 17814072 2.81477 95.7886
N-be75oi_150 2180062 2246534 2.95887 11.9524
N-be75oi_250 5751872 5910096 2.67718 77.6983
N-be75tot_150 11746173 12287707 4.40712 11.0793
N-be75tot_250 30155657 30958609 2.59363 112.44
N-stabu1_150 2796868 2875732 2.7424 14.0577
N-stabu1_250 7473473 7742444 3.47398 186.133
N-stabu2_150 4128787 4327538 4.5927 16.223
N-stabu2_250 11170479 11500448 2.86918 141.524
N-stabu3_150 4357855 4510445 3.38304 10.4508
N-stabu3_250 11540399 11900315 3.02442 150.067
N-t59b11xx_150 3088030 3239550 4.67719 14.2622
N-t59b11xx_250 8152840 8411910 3.0798 138.227
N-t59d11xx_150 1406963 1462697 3.81036 15.4022
N-t59d11xx_250 3671816 3841167 4.40884 105.737
N-t59f11xx_150 1490671 1543733 3.43725 13.7149
N-t59f11xx_250 3842508 3993006 3.76904 165.063
N-t59n11xx_150 308673 318960 3.22517 14.0054
N-t59n11xx_250 794822 825608 3.72889 129.601
N-t65b11xx_150 6269090 6453836 2.86258 16.3937
N-t65b11xx_250 16665729 17273996 3.52129 92.0753
N-t65d11xx_150 3431163 3559347 3.60133 8.77135
N-t65d11xx_250 9025495 9351696 3.48815 91.6251
N-t65f11xx_150 3048294 3159326 3.51442 10.6643
N-t65f11xx_250 8118671 8409567 3.45911 69.1005
N-t65l11xx_150 247124 253396 2.47518 10.7625
N-t65l11xx_250 648530 666254 2.66025 74.3944
N-t65n11xx_150 527423 550733 4.23254 6.58564
N-t65n11xx_250 1372077 1429362 4.00773 68.3234
N-t69r11xx_150 11317748 11855957 4.53957 8.94089
N-t69r11xx_250 30626659 31815927 3.73796 62.4616
N-t70b11xx_150 9305806 9647229 3.53908 8.9941
N-t70b11xx_250 24506021 25403045 3.53117 79.7255
N-t70d11xn_150 5599098 5825147 3.88057 7.3218
N-t70d11xn_250 14676698 15207063 3.48762 62.1511
N-t70d11xx_150 5952319 6174178 3.59334 7.39314
N-t70d11xx_250 15360211 16040574 4.24151 71.154
N-t70f11xx_150 4935290 5150097 4.17093 9.49008
N-t70f11xx_250 13069279 13586135 3.80429 76.0498
N-t70l11xx_150 419760 436862 3.91474 8.20845
N-t70l11xx_250 1072444 1113128 3.65493 74.8303
N-t70n11xx_150 907882 948913 4.324 11.4987
N-t70n11xx_250 2368150 2444390 3.11898 102.598
N-t74d11xx_150 9072722 9396044 3.44104 10.6844
N-t74d11xx_250 23333954 24430250 4.48745 62.9812
N-t75d11xx_150 9209814 9642140 4.48371 11.6664
N-t75d11xx_250 24211723 25017059 3.21915 62.9099
N-t75e11xx_150 39606808 41570193 4.72306 8.31499
N-t75e11xx_250 103128137 106873878 3.50482 79.9829
N-t75k11xx_150 1495101 1541596 3.01603 9.82482
N-t75k11xx_250 3943849 4093849 3.66403 74.1188
N-t75n11xx_150 1687777 1743094 3.17349 9.02138
N-t75n11xx_250 4360077 4524942 3.64347 68.8521
N-tiw56n54_150 806330 837945 3.77292 14.9943
N-tiw56n54_250 2017236 2098726 3.88283 45.7296
N-tiw56n58_150 1109469 1155392 3.97467 8.1548
N-tiw56n58_250 2788239 2906657 4.07403 62.956
N-tiw56n62_150 1565059 1626921 3.8024 8.25447
N-tiw56n62_250 3954975 4142745 4.5325 57.2329
N-tiw56n66_150 2015760 2107619 4.35843 9.86807
N-tiw56n66_250 5153527 5370404 4.03837 74.2911
N-tiw56n67_150 2261456 2372926 4.69758 9.08796
N-tiw56n67_250 6122566 6324858 3.19836 57.2686
N-tiw56n72_150 3976719 4135907 3.84893 8.86446
N-tiw56n72_250 10760531 11149706 3.49045 74.9008
N-tiw56r54_150 931702 958192 2.76458 9.99055
N-tiw56r54_250 2312044 2387349 3.15434 80.2056
N-tiw56r58_150 1170255 1219295 4.022 8.27745
N-tiw56r58_250 2950986 3060323 3.57273 75.028
N-tiw56r66_150 1852324 1940755 4.55653 7.63214
N-tiw56r66_250 4782919 4948414 3.3444 92.0189
N-tiw56r67_150 1996455 2056347 2.91254 8.5353
N-tiw56r67_250 5103656 5289658 3.51633 62.722
N-tiw56r72_150 2728644 2823758 3.36835 9.91858
N-tiw56r72_250 7204976 7451579 3.30941 85.8492
