N-be75eec_150 3399666 3482828 2.38777 9.91647
N-be75eec_250 8718316 8893533 1.97016 86.0348
N-be75np_150 7045908 7174325 1.78995 12.4097
N-be75np_250 17435564 17814072 2.12477 90.2922
N-be75oi_150 2203101 2246534 1.93333 12.1907
N-be75oi_250 5772009 5910096 2.33646 80.1702
N-be75tot_150 11938705 12287707 2.84025 12.9299
N-be75tot_250 30316661 30958609 2.07357 96.5492
N-stabu1_150 2827197 2875732 1.68774 8.17141
N-stabu1_250 7612586 7742444 1.67722 69.9359
N-stabu2_150 4244282 4327538 1.92387 12.515
N-stabu2_250 11236311 11500448 2.29675 92.1612
N-stabu3_150 4438232 4510445 1.60102 10.3952
N-stabu3_250 11632948 11900315 2.24672 101.592
N-t59b11xx_150 3151895 3239550 2.70578 11.1231
N-t59b11xx_250 8190020 8411910 2.63781 75.6205
N-t59d11xx_150 1432022 1462697 2.09715 8.75512
N-t59d11xx_250 3773264 3841167 1.76777 57.9238
N-t59f11xx_150 1507483 1543733 2.3482 9.58842
N-t59f11xx_250 3892999 3993006 2.50455 69.6072
N-t59n11xx_150 313777 318960 1.62497 10.5922
N-t59n11xx_250 807696 825608 2.16955 71.0041
N-t65b11xx_150 6310674 6453836 2.21825 10.7198
N-t65b11xx_250 16890831 17273996 2.21816 80.4105
N-t65d11xx_150 3490364 3559347 1.93808 10.1482
N-t65d11xx_250 9160388 9351696 2.0457 99.7712
N-t65f11xx_150 3090699 3159326 2.1722 12.8059
N-t65f11xx_250 8282635 8409567 1.50938 121.971
N-t65l11xx_150 250164 253396 1.27547 10.2184
N-t65l11xx_250 654669 666254 1.73883 71.1427
N-t65n11xx_150 537363 550733 2.42767 12.8273
N-t65n11xx_250 1401634 1429362 1.93989 92.8077
N-t69r11xx_150 11574321 11855957 2.37548 9.57409
N-t69r11xx_250 31052189 31815927 2.40049 80.974
N-t70b11xx_150 9451752 9647229 2.02625 13.7578
N-t70b11xx_250 24811491 25403045 2.32867 103.73
N-t70d11xn_150 5688572 5825147 2.34458 12.0755
N-t70d11xn_250 14947166 15207063 1.70905 114.434
N-t70d11xx_150 6054892 6174178 1.93201 13.2394
N-t70d11xx_250 15645869 16040574 2.46067 111.558
N-t70f11xx_150 5009863 5150097 2.72294 11.1098
N-t70f11xx_250 13313631 13586135 2.00575 61.8274
N-t70l11xx_150 424135 436862 2.91328 8.83731
N-t70l11xx_250 1087499 1113128 2.30243 98.2177
N-t70n11xx_150 924359 948913 2.58759 15.1701
N-t70n11xx_250 2381660 2444390 2.56628 90.9712
N-t74d11xx_150 9238660 9396044 1.675 12.3638
N-t74d11xx_250 24025203 24430250 1.65797 114.246
N-t75d11xx_150 9492644 9642140 1.55044 20.4542
N-t75d11xx_250 24513346 25017059 2.01348 77.1734
N-t75e11xx_150 40434400 41570193 2.73223 14.4416
N-t75e11xx_250 104306853 106873878 2.40192 100.359
N-t75k11xx_150 1524106 1541596 1.13454 13.0497
N-t75k11xx_250 4022709 4093849 1.73773 86.4681
N-t75n11xx_150 1697325 1743094 2.62573 9.20135
N-t75n11xx_250 4409413 4524942 2.55316 94.7069
N-tiw56n54_150 823402 837945 1.73556 14.1766
N-tiw56n54_250 2061714 2098726 1.76355 91.0715
N-tiw56n58_150 1138105 1155392 1.4962 15.0745
N-tiw56n58_250 2838270 2906657 2.35277 98.5377
N-tiw56n62_150 1590403 1626921 2.24461 12.3684
N-tiw56n62_250 4057637 4142745 2.05439 95.7721
N-tiw56n66_150 2048409 2107619 2.80933 10.6701
N-tiw56n66_250 5254721 5370404 2.15408 119.919
N-tiw56n67_150 2316258 2372926 2.38811 13.27
N-tiw56n67_250 6212732 6324858 1.77278 110.248
N-tiw56n72_150 4038481 4135907 2.35561 11.5975
N-tiw56n72_250 10959497 11149706 1.70596 119.823
N-tiw56r54_150 938194 958192 2.08706 14.0551
N-tiw56r54_250 2346501 2387349 1.71102 87.5967
N-tiw56r58_150 1188160 1219295 2.55352 11.1161
N-tiw56r58_250 2986392 3060323 2.41579 83.6404
N-tiw56r66_150 1889548 1940755 2.63851 15.3739
N-tiw56r66_250 4848461 4948414 2.0199 112.761
N-tiw56r67_150 2012550 2056347 2.12984 9.70092
N-tiw56r67_250 5187765 5289658 1.92627 97.3487
N-tiw56r72_150 2764440 2823758 2.10068 16.0878
N-tiw56r72_250 7312659 7451579 1.8643 133.748
