N-be75eec_150 1990517 3482828 42.8477 0.000580382
N-be75eec_250 5798310 8893533 34.8031 0.00127223
N-be75np_150 4477395 7174325 37.5914 0.000668434
N-be75np_250 11279007 17814072 36.6848 0.000642672
N-be75oi_150 988788 2246534 55.9861 0.000584105
N-be75oi_250 3524474 5910096 40.3652 0.000802
N-be75tot_150 7533994 12287707 38.6867 0.000206172
N-be75tot_250 20743432 30958609 32.9962 0.000742729
N-stabu1_150 1885847 2875732 34.422 0.000383244
N-stabu1_250 5102509 7742444 34.0969 0.00135878
N-stabu2_150 2675385 4327538 38.1777 0.000857132
N-stabu2_250 7629509 11500448 33.659 0.000552692
N-stabu3_150 2920977 4510445 35.2397 0.000396387
N-stabu3_250 8103242 11900315 31.9073 0.000794533
N-t59b11xx_150 2141725 3239550 33.8882 0.000293733
N-t59b11xx_250 5706725 8411910 32.159 0.000720686
N-t59d11xx_150 895469 1462697 38.7796 0.00037229
N-t59d11xx_250 2632447 3841167 31.4675 0.000899072
N-t59f11xx_150 974583 1543733 36.8684 0.000383763
N-t59f11xx_250 2711243 3993006 32.1002 0.000650865
N-t59n11xx_150 190627 318960 40.2348 0.000409611
N-t59n11xx_250 538130 825608 34.8202 0.00285663
N-t65b11xx_150 4131886 6453836 35.9778 0.00155587
N-t65b11xx_250 10705864 17273996 38.0232 0.00153627
N-t65d11xx_150 2380174 3559347 33.1289 0.000322921
N-t65d11xx_250 6456153 9351696 30.9628 0.00505093
N-t65f11xx_150 2067590 3159326 34.556 0.000218046
N-t65f11xx_250 5629000 8409567 33.0643 0.000558715
N-t65l11xx_150 136742 253396 46.0362 0.0004674
N-t65l11xx_250 360985 666254 45.8187 0.0028576
N-t65n11xx_150 330159 550733 40.051 0.000212798
N-t65n11xx_250 953315 1429362 33.3049 0.000731199
N-t69r11xx_150 8007220 11855957 32.4625 0.000206929
N-t69r11xx_250 19488817 31815927 38.7451 0.00070714
N-t70b11xx_150 6012936 9647229 37.6719 0.000393566
N-t70b11xx_250 16690757 25403045 34.2962 0.00147434
N-t70d11xn_150 3724823 5825147 36.0562 0.000816639
N-t70d11xn_250 10413543 15207063 31.5217 0.000878453
N-t70d11xx_150 3668909 6174178 40.5766 0.000297871
N-t70d11xx_250 10963999 16040574 31.6483 0.000597651
N-t70f11xx_150 3513146 5150097 31.7849 0.000402822
N-t70f11xx_250 9297773 13586135 31.5643 0.00253093
N-t70l11xx_150 246873 436862 43.4895 0.00150178
N-t70l11xx_250 660552 1113128 40.658 0.000831396
N-t70n11xx_150 603129 948913 36.44 0.000351681
N-t70n11xx_250 1573567 2444390 35.6254 0.0012903
N-t74d11xx_150 6316227 9396044 32.7778 0.000226944
N-t74d11xx_250 16391885 24430250 32.9033 0.00114491
N-t75d11xx_150 5978495 9642140 37.9962 0.0005581
N-t75d11xx_250 17234012 25017059 31.111 0.00135608
N-t75e11xx_150 25728248 41570193 38.1089 0.000334401
N-t75e11xx_250 71718716 106873878 32.8941 0.000549861
N-t75k11xx_150 1017918 1541596 33.9699 0.000603186
N-t75k11xx_250 2850288 4093849 30.3763 0.000650616
N-t75n11xx_150 1106440 1743094 36.5244 0.000255005
N-t75n11xx_250 3020116 4524942 33.2562 0.00160977
N-tiw56n54_150 525985 837945 37.2292 0.000787154
N-tiw56n54_250 1457089 2098726 30.5727 0.000693778
N-tiw56n58_150 759101 1155392 34.2993 0.000396383
N-tiw56n58_250 2046663 2906657 29.587 0.00129792
N-tiw56n62_150 1132141 1626921 30.412 0.000741813
N-tiw56n62_250 2870947 4142745 30.6994 0.00208263
N-tiw56n66_150 1311318 2107619 37.782 0.000449675
N-tiw56n66_250 3701065 5370404 31.084 0.00222386
N-tiw56n67_150 1534144 2372926 35.348 0.000961091
N-tiw56n67_250 4351954 6324858 31.1929 0.00231304
N-tiw56n72_150 2549416 4135907 38.359 0.000585818
N-tiw56n72_250 7573774 11149706 32.072 0.00122817
N-tiw56r54_150 639520 958192 33.2576 0.000787808
N-tiw56r54_250 1591710 2387349 33.3273 0.00116876
N-tiw56r58_150 817461 1219295 32.9563 0.00125215
N-tiw56r58_250 1970038 3060323 35.6265 0.00258446
N-tiw56r66_150 1275325 1940755 34.2872 0.000662851
N-tiw56r66_250 3411848 4948414 31.0517 0.00174701
N-tiw56r67_150 1286297 2056347 37.4475 0.000623636
N-tiw56r67_250 3466525 5289658 34.466 0.00146679
N-tiw56r72_150 1805992 2823758 36.043 0.000374643
N-tiw56r72_250 4901917 7451579 34.2164 0.000796327
