N-be75eec_150 3367217 3482828 3.31946 3.74515
N-be75eec_250 8610109 8893533 3.18685 26.2181
N-be75np_150 6880088 7174325 4.10125 2.82376
N-be75np_250 17262129 17814072 3.09835 21.3459
N-be75oi_150 2210817 2246534 1.58987 5.11444
N-be75oi_250 5747881 5910096 2.74471 25.7501
N-be75tot_150 11862625 12287707 3.45941 3.05939
N-be75tot_250 30013575 30958609 3.05257 22.2957
N-stabu1_150 2781706 2875732 3.26964 2.62354
N-stabu1_250 7494151 7742444 3.20691 17.7656
N-stabu2_150 4201199 4327538 2.91942 2.91894
N-stabu2_250 11242540 11500448 2.24259 19.1395
N-stabu3_150 4366745 4510445 3.18594 3.09934
N-stabu3_250 11578205 11900315 2.70674 23.016
N-t59b11xx_150 3118695 3239550 3.73061 2.98076
N-t59b11xx_250 8153005 8411910 3.07784 15.1771
N-t59d11xx_150 1404844 1462697 3.95523 2.77388
N-t59d11xx_250 3731624 3841167 2.85182 22.7659
N-t59f11xx_150 1484247 1543733 3.85339 3.05691
N-t59f11xx_250 3882071 3993006 2.77823 17.1372
N-t59n11xx_150 305977 318960 4.07042 2.86156
N-t59n11xx_250 790436 825608 4.26013 23.1503
N-t65b11xx_150 6274115 6453836 2.78472 3.80455
N-t65b11xx_250 16728848 17273996 3.15589 23.118
N-t65d11xx_150 3453247 3559347 2.98088 4.78176
N-t65d11xx_250 9120027 9351696 2.47729 23.1271
N-t65f11xx_150 3068537 3159326 2.87368 3.05872
N-t65f11xx_250 8129276 8409567 3.333 22.4881
N-t65l11xx_150 247478 253396 2.33547 2.45888
N-t65l11xx_250 648714 666254 2.63263 24.8231
N-t65n11xx_150 532177 550733 3.36933 3.47934
N-t65n11xx_250 1377327 1429362 3.64044 21.6717
N-t69r11xx_150 11479653 11855957 3.17397 2.96675
N-t69r11xx_250 30865039 31815927 2.98872 21.7194
N-t70b11xx_150 9297492 9647229 3.62526 3.73928
N-t70b11xx_250 24589713 25403045 3.20171 20.6185
N-t70d11xn_150 5634443 5825147 3.27381 3.1978
N-t70d11xn_250 14706207 15207063 3.29357 18.5172
N-t70d11xx_150 5968585 6174178 3.32988 3.1206
N-t70d11xx_250 15466277 16040574 3.58028 20.0811
N-t70f11xx_150 4911793 5150097 4.62717 3.52515
N-t70f11xx_250 13131953 13586135 3.34298 18.8205
N-t70l11xx_150 423156 436862 3.13738 3.05809
N-t70l11xx_250 1075114 1113128 3.41506 20.1348
N-t70n11xx_150 913771 948913 3.7034 2.61084
N-t70n11xx_250 2354296 2444390 3.68575 19.0357
N-t74d11xx_150 9081446 9396044 3.3482 2.98252
N-t74d11xx_250 23695800 24430250 3.00631 22.6427
N-t75d11xx_150 9347107 9642140 3.05983 3.59014
N-t75d11xx_250 24300930 25017059 2.86256 26.7173
N-t75e11xx_150 40144783 41570193 3.42892 3.96921
N-t75e11xx_250 103211105 106873878 3.42719 24.5277
N-t75k11xx_150 1488920 1541596 3.41698 3.37686
N-t75k11xx_250 3986253 4093849 2.62824 23.317
N-t75n11xx_150 1691372 1743094 2.96725 3.60931
N-t75n11xx_250 4378108 4524942 3.24499 18.145
N-tiw56n54_150 809020 837945 3.4519 3.12783
N-tiw56n54_250 2036792 2098726 2.95103 23.502
N-tiw56n58_150 1110786 1155392 3.86068 3.75595
N-tiw56n58_250 2813768 2906657 3.19573 22.1866
N-tiw56n62_150 1575670 1626921 3.15018 2.99017
N-tiw56n62_250 3992853 4142745 3.61818 21.09
N-tiw56n66_150 2022656 2107619 4.03123 3.55607
N-tiw56n66_250 5202827 5370404 3.12038 23.467
N-tiw56n67_150 2284898 2372926 3.70968 3.12229
N-tiw56n67_250 6166973 6324858 2.49626 21.9163
N-tiw56n72_150 4003300 4135907 3.20624 3.49016
N-tiw56n72_250 10884727 11149706 2.37656 19.7654
N-tiw56r54_150 926059 958192 3.3535 2.8811
N-tiw56r54_250 2319281 2387349 2.8512 18.8046
N-tiw56r58_150 1173315 1219295 3.77103 3.09888
N-tiw56r58_250 2993921 3060323 2.16977 23.4594
N-tiw56r66_150 1865767 1940755 3.86386 2.89123
N-tiw56r66_250 4795609 4948414 3.08796 19.5113
N-tiw56r67_150 1986345 2056347 3.40419 3.47069
N-tiw56r67_250 5170254 5289658 2.25731 22.7792
N-tiw56r72_150 2720614 2823758 3.65272 2.86918
N-tiw56r72_250 7237983 7451579 2.86645 20.6011
