N-be75eec_150 1990515 3482828 42.8477 0.000276429
N-be75eec_250 5798310 8893533 34.8031 0.000682152
N-be75np_150 4477410 7174325 37.5912 0.000333845
N-be75np_250 11279007 17814072 36.6848 0.000548672
N-be75oi_150 988789 2246534 55.986 0.000673005
N-be75oi_250 3524237 5910096 40.3692 0.00084694
N-be75tot_150 7533994 12287707 38.6867 0.000302402
N-be75tot_250 20740197 30958609 33.0067 0.000666024
N-stabu1_150 1885983 2875732 34.4173 0.000550712
N-stabu1_250 5102509 7742444 34.0969 0.000760812
N-stabu2_150 2675380 4327538 38.1778 0.000255167
N-stabu2_250 7629509 11500448 33.659 0.00056077
N-stabu3_150 2920977 4510445 35.2397 0.000187437
N-stabu3_250 8107986 11900315 31.8675 0.00190092
N-t59b11xx_150 2141725 3239550 33.8882 0.000262009
N-t59b11xx_250 5706725 8411910 32.159 0.000475731
N-t59d11xx_150 895492 1462697 38.778 0.000253128
N-t59d11xx_250 2632399 3841167 31.4688 0.000639811
N-t59f11xx_150 974583 1543733 36.8684 0.00046504
N-t59f11xx_250 2711243 3993006 32.1002 0.000482811
N-t59n11xx_150 190627 318960 40.2348 0.000189979
N-t59n11xx_250 538130 825608 34.8202 0.00158065
N-t65b11xx_150 4132209 6453836 35.9728 0.000557369
N-t65b11xx_250 10705237 17273996 38.0269 0.0013511
N-t65d11xx_150 2380174 3559347 33.1289 0.000190753
N-t65d11xx_250 6456260 9351696 30.9616 0.00251842
N-t65f11xx_150 2067590 3159326 34.556 0.000353188
N-t65f11xx_250 5629000 8409567 33.0643 0.000508372
N-t65l11xx_150 136746 253396 46.0347 0.000904619
N-t65l11xx_250 360977 666254 45.8199 0.00182363
N-t65n11xx_150 330159 550733 40.051 0.000186732
N-t65n11xx_250 953315 1429362 33.3049 0.000832227
N-t69r11xx_150 8007220 11855957 32.4625 0.00026632
N-t69r11xx_250 19488817 31815927 38.7451 0.000688893
N-t70b11xx_150 6012936 9647229 37.6719 0.000264358
N-t70b11xx_250 16690772 25403045 34.2962 0.00214287
N-t70d11xn_150 3724446 5825147 36.0626 0.00032483
N-t70d11xn_250 10413543 15207063 31.5217 0.00047443
N-t70d11xx_150 3668889 6174178 40.5769 0.000363324
N-t70d11xx_250 10963999 16040574 31.6483 0.000565973
N-t70f11xx_150 3513146 5150097 31.7849 0.000299334
N-t70f11xx_250 9297241 13586135 31.5682 0.00149335
N-t70l11xx_150 246858 436862 43.4929 0.000599098
N-t70l11xx_250 660552 1113128 40.658 0.000475494
N-t70n11xx_150 603129 948913 36.44 0.000342265
N-t70n11xx_250 1573057 2444390 35.6462 0.00169427
N-t74d11xx_150 6316227 9396044 32.7778 0.000183522
N-t74d11xx_250 16391635 24430250 32.9044 0.000652644
N-t75d11xx_150 5978495 9642140 37.9962 0.000300441
N-t75d11xx_250 17233995 25017059 31.111 0.000918684
N-t75e11xx_150 25744304 41570193 38.0703 0.00026207
N-t75e11xx_250 71718716 106873878 32.8941 0.00101406
N-t75k11xx_150 1017932 1541596 33.969 0.000329748
N-t75k11xx_250 2850288 4093849 30.3763 0.00070759
N-t75n11xx_150 1106440 1743094 36.5244 0.000268898
N-t75n11xx_250 3020123 4524942 33.2561 0.000809329
N-tiw56n54_150 525948 837945 37.2336 0.000253618
N-tiw56n54_250 1457089 2098726 30.5727 0.000494942
N-tiw56n58_150 758978 1155392 34.3099 0.00033217
N-tiw56n58_250 2046675 2906657 29.5866 0.00065262
N-tiw56n62_150 1132160 1626921 30.4109 0.000387785
N-tiw56n62_250 2870947 4142745 30.6994 0.000485663
N-tiw56n66_150 1311318 2107619 37.782 0.000357645
N-tiw56n66_250 3701732 5370404 31.0716 0.00105935
N-tiw56n67_150 1534004 2372926 35.3539 0.00036656
N-tiw56n67_250 4351920 6324858 31.1934 0.00120972
N-tiw56n72_150 2549381 4135907 38.3598 0.000375743
N-tiw56n72_250 7573774 11149706 32.072 0.000898433
N-tiw56r54_150 639368 958192 33.2735 0.000389086
N-tiw56r54_250 1591710 2387349 33.3273 0.000509906
N-tiw56r58_150 816668 1219295 33.0213 0.00115267
N-tiw56r58_250 1970038 3060323 35.6265 0.000943347
N-tiw56r66_150 1275258 1940755 34.2906 0.000357438
N-tiw56r66_250 3410679 4948414 31.0753 0.00149004
N-tiw56r67_150 1286297 2056347 37.4475 0.000189081
N-tiw56r67_250 3466525 5289658 34.466 0.000674918
N-tiw56r72_150 1805992 2823758 36.043 0.000188376
N-tiw56r72_250 4901917 7451579 34.2164 0.000769065
