N-be75eec_150 2045765 3482828 41.2614 0.00489329
N-be75eec_250 5472625 8893533 38.4651 0.0110917
N-be75np_150 4418600 7174325 38.4109 0.00391549
N-be75np_250 11682253 17814072 34.4212 0.0117231
N-be75oi_150 1226778 2246534 45.3924 0.00379881
N-be75oi_250 3605356 5910096 38.9967 0.0104049
N-be75tot_150 7691209 12287707 37.4073 0.00415896
N-be75tot_250 20504841 30958609 33.7669 0.0114685
N-stabu1_150 1746411 2875732 39.2707 0.00394399
N-stabu1_250 5103379 7742444 34.0857 0.0117758
N-stabu2_150 2929077 4327538 32.3154 0.00447329
N-stabu2_250 7423478 11500448 35.4505 0.0116174
N-stabu3_150 2992999 4510445 33.6429 0.00445021
N-stabu3_250 7937069 11900315 33.3037 0.0121182
N-t59b11xx_150 2057095 3239550 36.5006 0.00343712
N-t59b11xx_250 5742390 8411910 31.735 0.0105484
N-t59d11xx_150 991573 1462697 32.2093 0.00381233
N-t59d11xx_250 2601737 3841167 32.267 0.0109605
N-t59f11xx_150 923072 1543733 40.2052 0.00342185
N-t59f11xx_250 2736323 3993006 31.4721 0.0101937
N-t59n11xx_150 202110 318960 36.6347 0.00396229
N-t59n11xx_250 560021 825608 32.1687 0.0105787
N-t65b11xx_150 3970531 6453836 38.478 0.00388661
N-t65b11xx_250 11382283 17273996 34.1074 0.0116172
N-t65d11xx_150 2306694 3559347 35.1933 0.00405869
N-t65d11xx_250 6297041 9351696 32.6642 0.0121115
N-t65f11xx_150 2000380 3159326 36.6833 0.00474563
N-t65f11xx_250 5734724 8409567 31.8071 0.0147797
N-t65l11xx_150 138239 253396 45.4455 0.00377487
N-t65l11xx_250 422165 666254 36.636 0.0109692
N-t65n11xx_150 356782 550733 35.2169 0.00430666
N-t65n11xx_250 944317 1429362 33.9344 0.012506
N-t69r11xx_150 7478948 11855957 36.9182 0.00432117
N-t69r11xx_250 20060419 31815927 36.9485 0.0115767
N-t70b11xx_150 5958912 9647229 38.2319 0.00368779
N-t70b11xx_250 16384111 25403045 35.5034 0.0114416
N-t70d11xn_150 3867451 5825147 33.6077 0.00408055
N-t70d11xn_250 10371364 15207063 31.799 0.0113443
N-t70d11xx_150 3898286 6174178 36.8615 0.00422102
N-t70d11xx_250 11010050 16040574 31.3612 0.0126078
N-t70f11xx_150 3293047 5150097 36.0585 0.00384248
N-t70f11xx_250 9361350 13586135 31.0963 0.0109808
N-t70l11xx_150 242815 436862 44.4184 0.00419281
N-t70l11xx_250 661736 1113128 40.5517 0.00940324
N-t70n11xx_150 587875 948913 38.0475 0.00406534
N-t70n11xx_250 1658672 2444390 32.1437 0.011591
N-t74d11xx_150 6217820 9396044 33.8251 0.0040639
N-t74d11xx_250 16444128 24430250 32.6895 0.0116569
N-t75d11xx_150 6300422 9642140 34.6574 0.00416477
N-t75d11xx_250 16874514 25017059 32.548 0.0120876
N-t75e11xx_150 25817157 41570193 37.895 0.00377683
N-t75e11xx_250 69665963 106873878 34.8148 0.0113689
N-t75k11xx_150 1017550 1541596 33.9937 0.00364647
N-t75k11xx_250 2725748 4093849 33.4185 0.0118875
N-t75n11xx_150 1085538 1743094 37.7235 0.00386108
N-t75n11xx_250 2928847 4524942 35.2733 0.0107798
N-tiw56n54_150 524421 837945 37.4158 0.00501028
N-tiw56n54_250 1446260 2098726 31.0887 0.0120904
N-tiw56n58_150 806362 1155392 30.2088 0.00397969
N-tiw56n58_250 2061856 2906657 29.0644 0.0120574
N-tiw56n62_150 1092618 1626921 32.8414 0.00423111
N-tiw56n62_250 2931103 4142745 29.2473 0.0116848
N-tiw56n66_150 1415730 2107619 32.828 0.00402427
N-tiw56n66_250 3666565 5370404 31.7265 0.0121377
N-tiw56n67_150 1479096 2372926 37.6678 0.00393214
N-tiw56n67_250 4288606 6324858 32.1944 0.0135185
N-tiw56n72_150 2675434 4135907 35.312 0.00539128
N-tiw56n72_250 7373591 11149706 33.8674 0.0133847
N-tiw56r54_150 623866 958192 34.8913 0.00459571
N-tiw56r54_250 1607071 2387349 32.6839 0.0128383
N-tiw56r58_150 818154 1219295 32.8994 0.00494586
N-tiw56r58_250 2155500 3060323 29.5663 0.0136059
N-tiw56r66_150 1279579 1940755 34.068 0.00449728
N-tiw56r66_250 3407430 4948414 31.141 0.014181
N-tiw56r67_150 1342379 2056347 34.7202 0.00505985
N-tiw56r67_250 3600937 5289658 31.925 0.0146236
N-tiw56r72_150 1840107 2823758 34.8348 0.00614279
N-tiw56r72_250 5053471 7451579 32.1825 0.0176425
