N-be75eec_150 3387058 3482828 2.74978 2.42571
N-be75eec_250 8621313 8893533 3.06088 14.0173
N-be75np_150 6876499 7174325 4.15128 2.35646
N-be75np_250 17276598 17814072 3.01713 12.2608
N-be75oi_150 2199052 2246534 2.11357 2.15284
N-be75oi_250 5741897 5910096 2.84596 12.1237
N-be75tot_150 11777628 12287707 4.15113 2.5544
N-be75tot_250 29675824 30958609 4.14355 16.191
N-stabu1_150 2782390 2875732 3.24585 2.52661
N-stabu1_250 7482200 7742444 3.36126 14.0769
N-stabu2_150 4149070 4327538 4.12401 2.83328
N-stabu2_250 11119329 11500448 3.31395 13.293
N-stabu3_150 4353290 4510445 3.48425 3.42231
N-stabu3_250 11490568 11900315 3.44316 12.098
N-t59b11xx_150 3110905 3239550 3.97108 2.74627
N-t59b11xx_250 8075915 8411910 3.99428 14.1224
N-t59d11xx_150 1392862 1462697 4.7744 2.09397
N-t59d11xx_250 3711158 3841167 3.38462 11.1763
N-t59f11xx_150 1483224 1543733 3.91965 1.71161
N-t59f11xx_250 3842111 3993006 3.77898 11.1546
N-t59n11xx_150 307364 318960 3.63557 1.92162
N-t59n11xx_250 793867 825608 3.84456 8.05494
N-t65b11xx_150 6220643 6453836 3.61325 2.1636
N-t65b11xx_250 16685666 17273996 3.40587 13.3289
N-t65d11xx_150 3456580 3559347 2.88724 2.14868
N-t65d11xx_250 9050810 9351696 3.21745 13.2188
N-t65f11xx_150 3045180 3159326 3.61299 2.41527
N-t65f11xx_250 8114574 8409567 3.50783 15.2952
N-t65l11xx_150 246275 253396 2.81023 1.912
N-t65l11xx_250 650925 666254 2.30077 14.1419
N-t65n11xx_150 530523 550733 3.66965 3.00308
N-t65n11xx_250 1374194 1429362 3.85962 13.2743
N-t69r11xx_150 11360468 11855957 4.17924 1.69025
N-t69r11xx_250 30489886 31815927 4.16785 15.1102
N-t70b11xx_150 9257359 9647229 4.04126 2.13894
N-t70b11xx_250 24486183 25403045 3.60926 14.2149
N-t70d11xn_150 5625319 5825147 3.43044 2.78551
N-t70d11xn_250 14623159 15207063 3.83969 18.3137
N-t70d11xx_150 5966608 6174178 3.36191 2.95504
N-t70d11xx_250 15421015 16040574 3.86245 12.1598
N-t70f11xx_150 4957835 5150097 3.73317 2.11547
N-t70f11xx_250 13153620 13586135 3.1835 12.2691
N-t70l11xx_150 417052 436862 4.53461 1.67908
N-t70l11xx_250 1079037 1113128 3.06263 14.3181
N-t70n11xx_150 905794 948913 4.54404 2.9024
N-t70n11xx_250 2359712 2444390 3.46418 13.1516
N-t74d11xx_150 9015698 9396044 4.04794 2.58932
N-t74d11xx_250 23677255 24430250 3.08222 17.0929
N-t75d11xx_150 9307351 9642140 3.47214 1.93976
N-t75d11xx_250 24128169 25017059 3.55314 13.3763
N-t75e11xx_150 40137619 41570193 3.44616 2.93235
N-t75e11xx_250 103734721 106873878 2.93725 13.2025
N-t75k11xx_150 1494342 1541596 3.06526 2.96849
N-t75k11xx_250 3912000 4093849 4.44201 13.114
N-t75n11xx_150 1677994 1743094 3.73474 1.90246
N-t75n11xx_250 4332106 4524942 4.26162 10.3224
N-tiw56n54_150 807650 837945 3.61539 3.01868
N-tiw56n54_250 2015507 2098726 3.96522 12.2229
N-tiw56n58_150 1113369 1155392 3.63712 2.12671
N-tiw56n58_250 2812285 2906657 3.24675 14.0803
N-tiw56n62_150 1567015 1626921 3.68217 2.33903
N-tiw56n62_250 3995505 4142745 3.55417 12.3683
N-tiw56n66_150 2042086 2107619 3.10934 2.30586
N-tiw56n66_250 5142713 5370404 4.23974 11.187
N-tiw56n67_150 2291992 2372926 3.41073 2.53742
N-tiw56n67_250 6117251 6324858 3.2824 12.1994
N-tiw56n72_150 3995283 4135907 3.40008 3.11811
N-tiw56n72_250 10827588 11149706 2.88903 14.1651
N-tiw56r54_150 921414 958192 3.83827 2.36092
N-tiw56r54_250 2308240 2387349 3.31368 10.1514
N-tiw56r58_150 1175643 1219295 3.5801 2.32286
N-tiw56r58_250 2952922 3060323 3.50947 12.1492
N-tiw56r66_150 1853802 1940755 4.48037 1.91802
N-tiw56r66_250 4756280 4948414 3.88274 11.2307
N-tiw56r67_150 1968509 2056347 4.27156 1.48877
N-tiw56r67_250 5099375 5289658 3.59726 11.1007
N-tiw56r72_150 2702361 2823758 4.29913 2.36647
N-tiw56r72_250 7154982 7451579 3.98032 13.0828
