N-be75eec_150 2960007 3482828 15.0114 0.846471
N-be75eec_250 7666444 8893533 13.7975 5.73483
N-be75np_150 6031449 7174325 15.9301 0.827208
N-be75np_250 15076661 17814072 15.3666 5.723
N-be75oi_150 2043275 2246534 9.04767 0.82484
N-be75oi_250 5238001 5910096 11.372 5.70875
N-be75tot_150 10602246 12287707 13.7166 0.812239
N-be75tot_250 26397771 30958609 14.7321 5.80274
N-stabu1_150 2503809 2875732 12.9332 0.820496
N-stabu1_250 6653171 7742444 14.0689 5.71846
N-stabu2_150 3795925 4327538 12.2844 0.820891
N-stabu2_250 9991196 11500448 13.1234 5.82754
N-stabu3_150 3952392 4510445 12.3725 0.821689
N-stabu3_250 10316952 11900315 13.3052 5.88651
N-t59b11xx_150 2813440 3239550 13.1534 0.822782
N-t59b11xx_250 7177600 8411910 14.6734 5.75063
N-t59d11xx_150 1246697 1462697 14.7672 0.813678
N-t59d11xx_250 3328765 3841167 13.3397 5.70524
N-t59f11xx_150 1326719 1543733 14.0577 0.820651
N-t59f11xx_250 3452135 3993006 13.5455 5.71488
N-t59n11xx_150 273526 318960 14.2444 0.837691
N-t59n11xx_250 696092 825608 15.6873 5.737
N-t65b11xx_150 5584464 6453836 13.4706 0.810015
N-t65b11xx_250 14882305 17273996 13.8456 5.79984
N-t65d11xx_150 3017714 3559347 15.2172 0.819895
N-t65d11xx_250 7952202 9351696 14.9651 5.88297
N-t65f11xx_150 2670090 3159326 15.4855 0.855615
N-t65f11xx_250 7178313 8409567 14.6411 5.79469
N-t65l11xx_150 213226 253396 15.8527 0.829695
N-t65l11xx_250 579160 666254 13.0722 5.79724
N-t65n11xx_150 477532 550733 13.2916 0.824714
N-t65n11xx_250 1223823 1429362 14.3798 5.71233
N-t69r11xx_150 10201372 11855957 13.9557 0.823373
N-t69r11xx_250 27313639 31815927 14.1511 5.70229
N-t70b11xx_150 8343792 9647229 13.511 0.814081
N-t70b11xx_250 21782843 25403045 14.2511 5.81153
N-t70d11xn_150 4882230 5825147 16.187 0.813667
N-t70d11xn_250 13080437 15207063 13.9845 5.83319
N-t70d11xx_150 5313902 6174178 13.9334 0.800793
N-t70d11xx_250 13728306 16040574 14.4151 5.7135
N-t70f11xx_150 4367517 5150097 15.1954 0.813902
N-t70f11xx_250 11759569 13586135 13.4443 5.69944
N-t70l11xx_150 369469 436862 15.4266 0.828588
N-t70l11xx_250 948287 1113128 14.8088 5.78749
N-t70n11xx_150 802617 948913 15.4172 0.815676
N-t70n11xx_250 2067693 2444390 15.4107 5.75298
N-t74d11xx_150 8131826 9396044 13.4548 0.815094
N-t74d11xx_250 21147744 24430250 13.4362 5.76252
N-t75d11xx_150 8185689 9642140 15.1051 0.811656
N-t75d11xx_250 21826018 25017059 12.7555 5.91323
N-t75e11xx_150 34477875 41570193 17.0611 0.812247
N-t75e11xx_250 90808955 106873878 15.0317 5.72514
N-t75k11xx_150 1307386 1541596 15.1927 0.837204
N-t75k11xx_250 3500454 4093849 14.4948 5.85826
N-t75n11xx_150 1465661 1743094 15.9161 0.825696
N-t75n11xx_250 3854748 4524942 14.8111 5.79177
N-tiw56n54_150 726775 837945 13.267 0.818961
N-tiw56n54_250 1843412 2098726 12.1652 5.72422
N-tiw56n58_150 993039 1155392 14.0518 0.831484
N-tiw56n58_250 2537564 2906657 12.6982 5.70253
N-tiw56n62_150 1389410 1626921 14.5988 0.832446
N-tiw56n62_250 3540583 4142745 14.5353 5.71607
N-tiw56n66_150 1836135 2107619 12.8811 0.814746
N-tiw56n66_250 4574139 5370404 14.8269 5.74774
N-tiw56n67_150 2065622 2372926 12.9504 0.833375
N-tiw56n67_250 5472932 6324858 13.4695 5.70731
N-tiw56n72_150 3626012 4135907 12.3285 0.823717
N-tiw56n72_250 9730150 11149706 12.7318 5.71015
N-tiw56r54_150 837098 958192 12.6378 0.823437
N-tiw56r54_250 2051679 2387349 14.0604 5.68481
N-tiw56r58_150 1054078 1219295 13.5502 0.821209
N-tiw56r58_250 2621385 3060323 14.3429 5.75464
N-tiw56r66_150 1676240 1940755 13.6295 0.825808
N-tiw56r66_250 4208765 4948414 14.9472 6.08862
N-tiw56r67_150 1763651 2056347 14.2338 0.879512
N-tiw56r67_250 4507520 5289658 14.7862 6.19907
N-tiw56r72_150 2427080 2823758 14.0479 0.894654
N-tiw56r72_250 6377858 7451579 14.4093 5.88169
