N-be75eec_150 2100801 3482828 39.6812 0.00772459
N-be75eec_250 5956812 8893533 33.0209 0.0325399
N-be75np_150 4691061 7174325 34.6132 0.0090203
N-be75np_250 12656622 17814072 28.9516 0.0344675
N-be75oi_150 1697459 2246534 24.441 0.00812844
N-be75oi_250 3759737 5910096 36.3845 0.0300155
N-be75tot_150 8423266 12287707 31.4497 0.00588104
N-be75tot_250 21551655 30958609 30.3856 0.0273178
N-stabu1_150 1960253 2875732 31.8346 0.007051
N-stabu1_250 5819747 7742444 24.8332 0.0273821
N-stabu2_150 3160170 4327538 26.9753 0.00744802
N-stabu2_250 8090439 11500448 29.6511 0.0315273
N-stabu3_150 3073122 4510445 31.8665 0.00814628
N-stabu3_250 8204472 11900315 31.0567 0.0274917
N-t59b11xx_150 2138895 3239550 33.9756 0.00643686
N-t59b11xx_250 5797875 8411910 31.0754 0.0267333
N-t59d11xx_150 985657 1462697 32.6137 0.0085621
N-t59d11xx_250 2794230 3841167 27.2557 0.0281173
N-t59f11xx_150 1080315 1543733 30.0193 0.00823751
N-t59f11xx_250 2801348 3993006 29.8436 0.0271701
N-t59n11xx_150 209217 318960 34.4065 0.00663345
N-t59n11xx_250 578348 825608 29.9488 0.031137
N-t65b11xx_150 4287199 6453836 33.5713 0.00724818
N-t65b11xx_250 11466257 17273996 33.6213 0.0307021
N-t65d11xx_150 2507810 3559347 29.543 0.0071189
N-t65d11xx_250 6626783 9351696 29.1382 0.0269566
N-t65f11xx_150 2106038 3159326 33.339 0.00651104
N-t65f11xx_250 5980543 8409567 28.8841 0.0287784
N-t65l11xx_150 160528 253396 36.6494 0.00669566
N-t65l11xx_250 413186 666254 37.9837 0.029699
N-t65n11xx_150 368610 550733 33.0692 0.00702821
N-t65n11xx_250 971331 1429362 32.0444 0.0309111
N-t69r11xx_150 7901165 11855957 33.357 0.00632369
N-t69r11xx_250 21421614 31815927 32.6702 0.0279181
N-t70b11xx_150 6406322 9647229 33.5942 0.00691853
N-t70b11xx_250 17281941 25403045 31.969 0.0277537
N-t70d11xn_150 4024244 5825147 30.916 0.00664348
N-t70d11xn_250 10511888 15207063 30.875 0.0271182
N-t70d11xx_150 4290305 6174178 30.5121 0.00666836
N-t70d11xx_250 11371523 16040574 29.1078 0.037573
N-t70f11xx_150 3692502 5150097 28.3023 0.00696059
N-t70f11xx_250 9766320 13586135 28.1155 0.0276367
N-t70l11xx_150 270128 436862 38.1663 0.0079398
N-t70l11xx_250 706025 1113128 36.5729 0.0299513
N-t70n11xx_150 620492 948913 34.6102 0.00689367
N-t70n11xx_250 1673284 2444390 31.5459 0.0304569
N-t74d11xx_150 6422736 9396044 31.6443 0.00624455
N-t74d11xx_250 17223809 24430250 29.498 0.0289563
N-t75d11xx_150 6565701 9642140 31.9062 0.00623815
N-t75d11xx_250 17777855 25017059 28.9371 0.0265175
N-t75e11xx_150 28532734 41570193 31.3625 0.00662693
N-t75e11xx_250 72063888 106873878 32.5711 0.0319318
N-t75k11xx_150 1007671 1541596 34.6346 0.00721715
N-t75k11xx_250 2917482 4093849 28.735 0.0304431
N-t75n11xx_150 1139323 1743094 34.6379 0.00683143
N-t75n11xx_250 3221137 4524942 28.8137 0.027466
N-tiw56n54_150 602189 837945 28.135 0.00653854
N-tiw56n54_250 1532431 2098726 26.9828 0.0265556
N-tiw56n58_150 816959 1155392 29.2916 0.00625153
N-tiw56n58_250 2152793 2906657 25.9358 0.027499
N-tiw56n62_150 1126127 1626921 30.7817 0.00759901
N-tiw56n62_250 3076285 4142745 25.7428 0.0345467
N-tiw56n66_150 1502741 2107619 28.6996 0.00742681
N-tiw56n66_250 3914346 5370404 27.1126 0.0275957
N-tiw56n67_150 1627322 2372926 31.4213 0.00683037
N-tiw56n67_250 4365857 6324858 30.973 0.0280254
N-tiw56n72_150 2696579 4135907 34.8008 0.00683576
N-tiw56n72_250 7984104 11149706 28.3918 0.026472
N-tiw56r54_150 664746 958192 30.625 0.00785103
N-tiw56r54_250 1770497 2387349 25.8384 0.0280203
N-tiw56r58_150 869870 1219295 28.658 0.00640572
N-tiw56r58_250 2228304 3060323 27.1873 0.0284056
N-tiw56r66_150 1358762 1940755 29.988 0.00615125
N-tiw56r66_250 3613296 4948414 26.9807 0.0321321
N-tiw56r67_150 1486790 2056347 27.6975 0.00773827
N-tiw56r67_250 3756094 5289658 28.9917 0.031151
N-tiw56r72_150 1934183 2823758 31.5032 0.00625036
N-tiw56r72_250 5313412 7451579 28.6941 0.028057
