N-be75eec_150 3349883 3482828 3.8171566324837 4.86402
N-be75eec_250 8741574 8893533 1.7086460465149 48.4771
N-be75np_150 7008750 7174325 2.3078826231039 4.18916
N-be75np_250 17258744 17814072 3.1173557623434 43.6359
N-be75oi_150 2192579 2246534 2.4016996849369 4.72123
N-be75oi_250 5746745 5910096 2.7639314149889 60.031
N-be75tot_150 11941890 12287707 2.8143330566069 4.04062
N-be75tot_250 29956846 30958609 3.2358139863454 38.3578
N-stabu1_150 2798053 2875732 2.701190514276 3.89675
N-stabu1_250 7622916 7742444 1.5438019312765 44.2232
N-stabu2_150 4259495 4327538 1.5723258813672 3.57581
N-stabu2_250 11302558 11500448 1.7207155756019 57.0698
N-stabu3_150 4355337 4510445 3.438862462573 3.19345
N-stabu3_250 11711234 11900315 1.5888739079596 46.0413
N-t59b11xx_150 3130790 3239550 3.3572564090692 5.05467
N-t59b11xx_250 8251085 8411910 1.9118725711521 45.9446
N-t59d11xx_150 1413862 1462697 3.3386955739979 4.21785
N-t59d11xx_250 3753253 3841167 2.2887315235188 44.1388
N-t59f11xx_150 1495185 1543733 3.1448443480835 4.173
N-t59f11xx_250 3925409 3993006 1.692885009439 43.5821
N-t59n11xx_150 307657 318960 3.5437045397542 3.97821
N-t59n11xx_250 810562 825608 1.8224145114873 45.4813
N-t65b11xx_150 6272867 6453836 2.804053279321 5.37724
N-t65b11xx_250 16888422 17273996 2.2321065722141 49.2458
N-t65d11xx_150 3479059 3559347 2.2556946541037 4.0404
N-t65d11xx_250 9035367 9351696 3.3825842927315 47.1706
N-t65f11xx_150 3078335 3159326 2.5635531122777 3.67326
N-t65f11xx_250 8168034 8409567 2.8721217156603 49.6785
N-t65l11xx_150 245967 253396 2.9317747715039 3.07607
N-t65l11xx_250 652231 666254 2.1047528420092 44.212
N-t65n11xx_150 544211 550733 1.1842399129887 4.16142
N-t65n11xx_250 1398434 1429362 2.1637625737917 44.25
N-t69r11xx_150 11504742 11855957 2.9623504876072 4.10747
N-t69r11xx_250 30902745 31815927 2.8702039704831 50.8128
N-t70b11xx_150 9428595 9647229 2.2662880709062 3.96885
N-t70b11xx_250 24465054 25403045 3.6924352966347 56.1111
N-t70d11xn_150 5644276 5825147 3.105003187044 4.69956
N-t70d11xn_250 14861313 15207063 2.2736145697562 49.5789
N-t70d11xx_150 6095075 6174178 1.2811907917135 4.4471
N-t70d11xx_250 15524268 16040574 3.2187501519584 41.3785
N-t70f11xx_150 5086095 5150097 1.2427338747212 3.93937
N-t70f11xx_250 13296374 13586135 2.1327699158002 46.7944
N-t70l11xx_150 418421 436862 4.2212414904478 3.80549
N-t70l11xx_250 1090021 1113128 2.0758618954873 54.7476
N-t70n11xx_150 922271 948913 2.8076335765239 4.5597
N-t70n11xx_250 2379693 2444390 2.6467544049845 48.0052
N-t74d11xx_150 9222151 9396044 1.8507044028317 4.22296
N-t74d11xx_250 23705591 24430250 2.9662365305308 43.2791
N-t75d11xx_150 9530354 9642140 1.1593484433953 3.77604
N-t75d11xx_250 24190735 25017059 3.303042136168 48.2657
N-t75e11xx_150 39617241 41570193 4.6979623116015 3.8951
N-t75e11xx_250 103482926 106873878 3.1728538941948 52.9072
N-t75k11xx_150 1475661 1541596 4.2770609160896 3.75549
N-t75k11xx_250 3979253 4093849 2.7992239088447 50.6464
N-t75n11xx_150 1713426 1743094 1.7020309862807 3.64009
N-t75n11xx_250 4375160 4524942 3.3101418758517 46.6782
N-tiw56n54_150 823391 837945 1.7368681715387 3.60892
N-tiw56n54_250 2025429 2098726 3.4924520875998 41.8903
N-tiw56n58_150 1124504 1155392 2.6733783858638 3.89285
N-tiw56n58_250 2809853 2906657 3.3304239199878 43.0833
N-tiw56n62_150 1575441 1626921 3.164259358629 4.31461
N-tiw56n62_250 4020841 4142745 2.9425899976948 42.2565
N-tiw56n66_150 2063470 2107619 2.0947334409113 4.12176
N-tiw56n66_250 5167174 5370404 3.7842590613295 47.0086
N-tiw56n67_150 2328031 2372926 1.8919679754025 4.31244
N-tiw56n67_250 6150170 6324858 2.7619276195608 41.0057
N-tiw56n72_150 4027914 4135907 2.6111080350695 4.42202
N-tiw56n72_250 10913092 11149706 2.1221546110723 44.6008
N-tiw56r54_150 931952 958192 2.7384908243859 4.04372
N-tiw56r54_250 2310511 2387349 3.2185491103312 40.6861
N-tiw56r58_150 1185779 1219295 2.7488015615581 3.75127
N-tiw56r58_250 2963304 3060323 3.170220921125 37.9848
N-tiw56r66_150 1903710 1940755 1.908793227378 4.90479
N-tiw56r66_250 4760015 4948414 3.8072602656124 38.948
N-tiw56r67_150 1999442 2056347 2.7672858714993 3.79955
N-tiw56r67_250 5111736 5289658 3.3635822958687 49.1879
N-tiw56r72_150 2786911 2823758 1.3048922747629 4.58591
N-tiw56r72_250 7194580 7451579 3.4489200208439 42.5955