N-be75eec_150 3357868 3482828 3.5878889224504 2.66647
N-be75eec_250 8672111 8893533 2.4896967268239 29.9022
N-be75np_150 6978711 7174325 2.726584034038 2.90688
N-be75np_250 17354288 17814072 2.5810157273418 31.8894
N-be75oi_150 2209892 2246534 1.6310458688807 3.36716
N-be75oi_250 5743078 5910096 2.8259777844556 31.4727
N-be75tot_150 11881898 12287707 3.3025608439394 2.72933
N-be75tot_250 29925047 30958609 3.3385285495224 30.7837
N-stabu1_150 2807098 2875732 2.386661900344 2.60486
N-stabu1_250 7586862 7742444 2.0094688447214 28.9414
N-stabu2_150 4232289 4327538 2.2009974262502 3.09956
N-stabu2_250 11258279 11500448 2.1057353591791 26.8379
N-stabu3_150 4361171 4510445 3.3095182404397 2.74328
N-stabu3_250 11755763 11900315 1.2146905355026 29.8393
N-t59b11xx_150 3144210 3239550 2.9430013427791 3.1816
N-t59b11xx_250 8239540 8411910 2.0491184522897 34.8108
N-t59d11xx_150 1416974 1462697 3.125937907851 3.26499
N-t59d11xx_250 3746582 3841167 2.4624027020955 30.1763
N-t59f11xx_150 1494311 1543733 3.2014603561626 2.79055
N-t59f11xx_250 3896691 3993006 2.4120925438129 29.1262
N-t59n11xx_150 309459 318960 2.9787434161023 2.979
N-t59n11xx_250 809263 825608 1.9797531031676 28.3729
N-t65b11xx_150 6269374 6453836 2.8581761296692 3.12018
N-t65b11xx_250 16916783 17273996 2.0679233687446 36.1099
N-t65d11xx_150 3499312 3559347 1.6866857881516 2.97206
N-t65d11xx_250 9073257 9351696 2.977417144441 33.3869
N-t65f11xx_150 3106361 3159326 1.6764651701027 2.96495
N-t65f11xx_250 8207547 8409567 2.4022639929024 33.8688
N-t65l11xx_150 245558 253396 3.093182212821 2.0895
N-t65l11xx_250 649597 666254 2.5000975603899 25.4707
N-t65n11xx_150 544242 550733 1.1786110510901 2.82285
N-t65n11xx_250 1402242 1429362 1.8973500065064 35.0181
N-t69r11xx_150 11441538 11855957 3.4954495870726 3.06127
N-t69r11xx_250 31016802 31815927 2.5117137086718 33.5393
N-t70b11xx_150 9411722 9647229 2.4411880344086 2.88392
N-t70b11xx_250 24534181 25403045 3.4203143756979 37.5862
N-t70d11xn_150 5669351 5825147 2.6745419471818 3.11239
N-t70d11xn_250 14876118 15207063 2.1762584925176 32.0216
N-t70d11xx_150 6047629 6174178 2.0496493622309 2.82606
N-t70d11xx_250 15662373 16040574 2.357777221688 34.2595
N-t70f11xx_150 5053722 5150097 1.8713239770047 2.42161
N-t70f11xx_250 13243389 13586135 2.5227630963479 26.8038
N-t70l11xx_150 414641 436862 5.0865032893683 2.35407
N-t70l11xx_250 1079906 1113128 2.9845624222911 24.3044
N-t70n11xx_150 917147 948913 3.347619855561 2.60783
N-t70n11xx_250 2386104 2444390 2.3844803816085 32.4928
N-t74d11xx_150 9262764 9396044 1.4184693047414 3.16166
N-t74d11xx_250 23833338 24430250 2.4433315254654 40.7045
N-t75d11xx_150 9551184 9642140 0.94331756228389 3.22552
N-t75d11xx_250 24114821 25017059 3.6064910747502 37.5695
N-t75e11xx_150 39815573 41570193 4.2208608461356 3.12422
N-t75e11xx_250 103974347 106873878 2.713039944148 35.1066
N-t75k11xx_150 1489142 1541596 3.4025775884214 3.3662
N-t75k11xx_250 3962918 4093849 3.1982371601884 29.1424
N-t75n11xx_150 1700763 1743094 2.4284978320159 2.43593
N-t75n11xx_250 4384740 4524942 3.0984264549689 33.8946
N-tiw56n54_150 810769 837945 3.2431722845772 2.74049
N-tiw56n54_250 2028724 2098726 3.3354520790232 32.3156
N-tiw56n58_150 1126195 1155392 2.5270211322218 2.85632
N-tiw56n58_250 2819069 2906657 3.0133586453441 33.6851
N-tiw56n62_150 1588327 1626921 2.3722110661796 3.25973
N-tiw56n62_250 4017867 4142745 3.0143781478223 29.3019
N-tiw56n66_150 2058597 2107619 2.3259422125156 3.44792
N-tiw56n66_250 5204694 5370404 3.0856151604237 31.4122
N-tiw56n67_150 2331318 2372926 1.753447010147 2.71988
N-tiw56n67_250 6125829 6324858 3.1467742042588 26.0818
N-tiw56n72_150 4073234 4135907 1.5153387153048 3.26241
N-tiw56n72_250 10870660 11149706 2.5027206995413 31.2164
N-tiw56r54_150 937324 958192 2.177851620552 3.22237
N-tiw56r54_250 2317084 2387349 2.9432227964994 32.8451
N-tiw56r58_150 1186555 1219295 2.6851582266802 3.23726
N-tiw56r58_250 2969273 3060323 2.9751761497071 31.2663
N-tiw56r66_150 1908018 1940755 1.686817759068 2.99346
N-tiw56r66_250 4747655 4948414 4.0570372648691 32.705
N-tiw56r67_150 2003636 2056347 2.5633319668324 2.50293
N-tiw56r67_250 5125767 5289658 3.0983288522623 32.5508
N-tiw56r72_150 2753215 2823758 2.4981956669091 3.51749
N-tiw56r72_250 7147553 7451579 4.0800211606158 31.5352