N-be75eec_150 2101125 3482828 39.6719 0.00719081
N-be75eec_250 5956612 8893533 33.0231 0.0263526
N-be75np_150 4689151 7174325 34.6398 0.0084163
N-be75np_250 12595928 17814072 29.2923 0.026064
N-be75oi_150 1690130 2246534 24.7672 0.00723234
N-be75oi_250 3759737 5910096 36.3845 0.0292996
N-be75tot_150 8419451 12287707 31.4807 0.0059408
N-be75tot_250 21549578 30958609 30.3923 0.0257916
N-stabu1_150 1958850 2875732 31.8834 0.00930066
N-stabu1_250 5819747 7742444 24.8332 0.0283268
N-stabu2_150 3160170 4327538 26.9753 0.00753303
N-stabu2_250 8090302 11500448 29.6523 0.0276119
N-stabu3_150 3073122 4510445 31.8665 0.00768055
N-stabu3_250 8203307 11900315 31.0665 0.0263856
N-t59b11xx_150 2140075 3239550 33.9391 0.0079573
N-t59b11xx_250 5797875 8411910 31.0754 0.0269681
N-t59d11xx_150 985514 1462697 32.6235 0.00742011
N-t59d11xx_250 2794230 3841167 27.2557 0.0271929
N-t59f11xx_150 1077346 1543733 30.2116 0.00788309
N-t59f11xx_250 2801529 3993006 29.8391 0.0329595
N-t59n11xx_150 209209 318960 34.409 0.00622287
N-t59n11xx_250 578392 825608 29.9435 0.0285146
N-t65b11xx_150 4287145 6453836 33.5721 0.00662561
N-t65b11xx_250 11466531 17273996 33.6197 0.027477
N-t65d11xx_150 2507881 3559347 29.541 0.00686846
N-t65d11xx_250 6626756 9351696 29.1385 0.0260615
N-t65f11xx_150 2106038 3159326 33.339 0.00790686
N-t65f11xx_250 5979961 8409567 28.891 0.0312704
N-t65l11xx_150 160454 253396 36.6786 0.0120903
N-t65l11xx_250 413186 666254 37.9837 0.0393171
N-t65n11xx_150 368755 550733 33.0429 0.008465
N-t65n11xx_250 967941 1429362 32.2816 0.0319344
N-t69r11xx_150 7871956 11855957 33.6034 0.00658875
N-t69r11xx_250 21422514 31815927 32.6673 0.0266669
N-t70b11xx_150 6405901 9647229 33.5985 0.00771808
N-t70b11xx_250 17282190 25403045 31.968 0.0290757
N-t70d11xn_150 4024245 5825147 30.916 0.00703969
N-t70d11xn_250 10510272 15207063 30.8856 0.0277603
N-t70d11xx_150 4290211 6174178 30.5136 0.00580907
N-t70d11xx_250 11359243 16040574 29.1843 0.0259168
N-t70f11xx_150 3692502 5150097 28.3023 0.0069578
N-t70f11xx_250 9778416 13586135 28.0265 0.0283208
N-t70l11xx_150 270087 436862 38.1757 0.00917723
N-t70l11xx_250 702019 1113128 36.9328 0.0302964
N-t70n11xx_150 617853 948913 34.8883 0.00657484
N-t70n11xx_250 1673744 2444390 31.5271 0.0304927
N-t74d11xx_150 6422490 9396044 31.6469 0.00575768
N-t74d11xx_250 17257367 24430250 29.3607 0.0322308
N-t75d11xx_150 6558806 9642140 31.9777 0.00648398
N-t75d11xx_250 17811265 25017059 28.8035 0.0267294
N-t75e11xx_150 28231864 41570193 32.0863 0.00594524
N-t75e11xx_250 72064677 106873878 32.5704 0.0297837
N-t75k11xx_150 1009337 1541596 34.5265 0.00719566
N-t75k11xx_250 2919431 4093849 28.6874 0.0291214
N-t75n11xx_150 1138327 1743094 34.695 0.00879783
N-t75n11xx_250 3221141 4524942 28.8137 0.0277753
N-tiw56n54_150 601648 837945 28.1996 0.00603343
N-tiw56n54_250 1532047 2098726 27.0011 0.0289954
N-tiw56n58_150 816737 1155392 29.3108 0.00681085
N-tiw56n58_250 2152793 2906657 25.9358 0.0293007
N-tiw56n62_150 1126127 1626921 30.7817 0.00750547
N-tiw56n62_250 3073032 4142745 25.8214 0.0299688
N-tiw56n66_150 1499109 2107619 28.8719 0.00977045
N-tiw56n66_250 3914329 5370404 27.113 0.0313476
N-tiw56n67_150 1626993 2372926 31.4352 0.00750192
N-tiw56n67_250 4365880 6324858 30.9727 0.0272405
N-tiw56n72_150 2696681 4135907 34.7983 0.00707943
N-tiw56n72_250 7984138 11149706 28.3915 0.0260411
N-tiw56r54_150 669308 958192 30.1489 0.00679302
N-tiw56r54_250 1770497 2387349 25.8384 0.0279947
N-tiw56r58_150 868339 1219295 28.7835 0.00615951
N-tiw56r58_250 2227541 3060323 27.2122 0.026253
N-tiw56r66_150 1360601 1940755 29.8932 0.00621765
N-tiw56r66_250 3613296 4948414 26.9807 0.0314543
N-tiw56r67_150 1488877 2056347 27.596 0.00661192
N-tiw56r67_250 3756094 5289658 28.9917 0.0355083
N-tiw56r72_150 1930330 2823758 31.6397 0.00689188
N-tiw56r72_250 5313412 7451579 28.6941 0.0285488
