N-be75eec_150 3454588 3482828 0.810835 5.87489
N-be75eec_250 8737108 8893533 1.75886 34.3317
N-be75np_150 7028441 7174325 2.03342 4.59059
N-be75np_250 17436423 17814072 2.11995 44.3701
N-be75oi_150 2219053 2246534 1.22326 5.10078
N-be75oi_250 5805065 5910096 1.77715 30.4178
N-be75tot_150 11930393 12287707 2.9079 5.04278
N-be75tot_250 30129638 30958609 2.67768 24.7157
N-stabu1_150 2829622 2875732 1.60342 4.59541
N-stabu1_250 7578787 7742444 2.11376 30.4058
N-stabu2_150 4240138 4327538 2.01962 5.48532
N-stabu2_250 11246986 11500448 2.20393 26.3465
N-stabu3_150 4445851 4510445 1.4321 5.89913
N-stabu3_250 11604807 11900315 2.48319 40.5477
N-t59b11xx_150 3182220 3239550 1.76969 7.54121
N-t59b11xx_250 8236845 8411910 2.08116 26.2887
N-t59d11xx_150 1437837 1462697 1.6996 4.6304
N-t59d11xx_250 3766484 3841167 1.94428 30.7911
N-t59f11xx_150 1511219 1543733 2.10619 4.69932
N-t59f11xx_250 3894040 3993006 2.47848 28.3448
N-t59n11xx_150 312194 318960 2.12127 5.46408
N-t59n11xx_250 808559 825608 2.06502 26.1491
N-t65b11xx_150 6283332 6453836 2.6419 4.19782
N-t65b11xx_250 16889734 17273996 2.22451 32.2442
N-t65d11xx_150 3518800 3559347 1.13917 5.14062
N-t65d11xx_250 9165512 9351696 1.99091 32.4353
N-t65f11xx_150 3098751 3159326 1.91734 4.26836
N-t65f11xx_250 8255389 8409567 1.83336 30.3175
N-t65l11xx_150 248874 253396 1.78456 3.79647
N-t65l11xx_250 656717 666254 1.43144 24.1785
N-t65n11xx_150 538739 550733 2.17782 6.37379
N-t65n11xx_250 1396065 1429362 2.3295 24.1167
N-t69r11xx_150 11525515 11855957 2.78714 4.59484
N-t69r11xx_250 31099383 31815927 2.25216 28.3568
N-t70b11xx_150 9536937 9647229 1.14325 4.21774
N-t70b11xx_250 24835943 25403045 2.23242 28.2091
N-t70d11xn_150 5686293 5825147 2.3837 5.37472
N-t70d11xn_250 14975693 15207063 1.52146 26.239
N-t70d11xx_150 6031255 6174178 2.31485 3.77906
N-t70d11xx_250 15675786 16040574 2.27416 36.2251
N-t70f11xx_150 5045226 5150097 2.03629 4.6188
N-t70f11xx_250 13349012 13586135 1.74533 38.5623
N-t70l11xx_150 423591 436862 3.0378 4.63683
N-t70l11xx_250 1086144 1113128 2.42416 26.2627
N-t70n11xx_150 925610 948913 2.45576 5.47909
N-t70n11xx_250 2387748 2444390 2.31722 30.1336
N-t74d11xx_150 9174267 9396044 2.36032 7.96698
N-t74d11xx_250 24002882 24430250 1.74934 32.5189
N-t75d11xx_150 9401150 9642140 2.49934 4.64954
N-t75d11xx_250 24544683 25017059 1.88822 32.3703
N-t75e11xx_150 40816166 41570193 1.81386 5.01485
N-t75e11xx_250 104504790 106873878 2.21671 28.1145
N-t75k11xx_150 1511825 1541596 1.93118 5.5104
N-t75k11xx_250 4029613 4093849 1.56909 40.3445
N-t75n11xx_150 1714122 1743094 1.6621 6.66798
N-t75n11xx_250 4429366 4524942 2.1122 30.2526
N-tiw56n54_150 822057 837945 1.89607 4.98315
N-tiw56n54_250 2056401 2098726 2.0167 28.2243
N-tiw56n58_150 1127701 1155392 2.39668 5.01571
N-tiw56n58_250 2847451 2906657 2.03691 30.3593
N-tiw56n62_150 1587580 1626921 2.41813 5.5092
N-tiw56n62_250 4046725 4142745 2.31779 36.1836
N-tiw56n66_150 2069948 2107619 1.78737 5.06561
N-tiw56n66_250 5266739 5370404 1.9303 40.3934
N-tiw56n67_150 2317556 2372926 2.33341 4.19263
N-tiw56n67_250 6192557 6324858 2.09176 36.768
N-tiw56n72_150 4044094 4135907 2.2199 5.8783
N-tiw56n72_250 10982977 11149706 1.49537 26.375
N-tiw56r54_150 933550 958192 2.57172 4.9749
N-tiw56r54_250 2341897 2387349 1.90387 24.1664
N-tiw56r58_150 1194216 1219295 2.05684 4.65653
N-tiw56r58_250 2995105 3060323 2.13108 30.4411
N-tiw56r66_150 1894134 1940755 2.40221 4.78814
N-tiw56r66_250 4843645 4948414 2.11722 38.5942
N-tiw56r67_150 2024545 2056347 1.54653 4.45174
N-tiw56r67_250 5201730 5289658 1.66226 29.2055
N-tiw56r72_150 2760097 2823758 2.25448 5.4612
N-tiw56r72_250 7266986 7451579 2.47723 26.925
