N-be75eec_150 3359786 3482828 3.53282 1.91266
N-be75eec_250 8702669 8893533 2.1461 14.4012
N-be75np_150 6899580 7174325 3.82956 2.15886
N-be75np_250 17300155 17814072 2.88489 17.6387
N-be75oi_150 2202098 2246534 1.97798 2.34642
N-be75oi_250 5769556 5910096 2.37796 13.4003
N-be75tot_150 11799570 12287707 3.97256 2.60059
N-be75tot_250 29771245 30958609 3.83533 12.4401
N-stabu1_150 2808319 2875732 2.3442 2.75456
N-stabu1_250 7483414 7742444 3.34558 12.3623
N-stabu2_150 4190272 4327538 3.17192 2.6093
N-stabu2_250 11144410 11500448 3.09586 13.4017
N-stabu3_150 4366796 4510445 3.18481 2.56528
N-stabu3_250 11469710 11900315 3.61843 10.3904
N-t59b11xx_150 3118510 3239550 3.73632 2.16578
N-t59b11xx_250 8093265 8411910 3.78802 11.3142
N-t59d11xx_150 1408695 1462697 3.69195 1.95937
N-t59d11xx_250 3713134 3841167 3.33318 13.5072
N-t59f11xx_150 1487819 1543733 3.622 1.48762
N-t59f11xx_250 3849645 3993006 3.5903 13.3513
N-t59n11xx_150 309210 318960 3.05681 1.89448
N-t59n11xx_250 795615 825608 3.63284 11.254
N-t65b11xx_150 6221586 6453836 3.59863 3.24563
N-t65b11xx_250 16717988 17273996 3.21876 11.3007
N-t65d11xx_150 3403863 3559347 4.36833 1.94107
N-t65d11xx_250 9027863 9351696 3.46283 11.2777
N-t65f11xx_150 3039352 3159326 3.79746 1.95773
N-t65f11xx_250 8106799 8409567 3.60028 10.7116
N-t65l11xx_150 244127 253396 3.65791 2.79213
N-t65l11xx_250 647816 666254 2.76741 15.4041
N-t65n11xx_150 535800 550733 2.71148 3.28445
N-t65n11xx_250 1379986 1429362 3.45441 12.4315
N-t69r11xx_150 11259784 11855957 5.02847 2.78495
N-t69r11xx_250 30637349 31815927 3.70436 11.5286
N-t70b11xx_150 9339913 9647229 3.18554 2.16153
N-t70b11xx_250 24477874 25403045 3.64197 13.3588
N-t70d11xn_150 5571045 5825147 4.36216 2.5756
N-t70d11xn_250 14691441 15207063 3.39067 13.3389
N-t70d11xx_150 5969815 6174178 3.30996 2.33235
N-t70d11xx_250 15440612 16040574 3.74028 14.3042
N-t70f11xx_150 4954029 5150097 3.80707 2.54431
N-t70f11xx_250 13113455 13586135 3.47914 11.2796
N-t70l11xx_150 415942 436862 4.7887 2.76718
N-t70l11xx_250 1076522 1113128 3.28857 14.4368
N-t70n11xx_150 905603 948913 4.56417 2.35287
N-t70n11xx_250 2368236 2444390 3.11546 12.639
N-t74d11xx_150 9059414 9396044 3.58268 2.39035
N-t74d11xx_250 23660258 24430250 3.1518 15.5167
N-t75d11xx_150 9382694 9642140 2.69075 2.1598
N-t75d11xx_250 24376439 25017059 2.56073 17.5447
N-t75e11xx_150 39885810 41570193 4.0519 2.55068
N-t75e11xx_250 103137174 106873878 3.49637 10.2832
N-t75k11xx_150 1476058 1541596 4.25131 2.56781
N-t75k11xx_250 3929963 4093849 4.00323 12.346
N-t75n11xx_150 1665269 1743094 4.46476 2.57262
N-t75n11xx_250 4363616 4524942 3.56526 9.26867
N-tiw56n54_150 801423 837945 4.35852 1.68136
N-tiw56n54_250 2016750 2098726 3.90599 14.4694
N-tiw56n58_150 1099300 1155392 4.8548 1.93076
N-tiw56n58_250 2801892 2906657 3.60431 13.2599
N-tiw56n62_150 1554369 1626921 4.45947 2.13587
N-tiw56n62_250 4007652 4142745 3.26095 15.5408
N-tiw56n66_150 2012486 2107619 4.51377 2.1766
N-tiw56n66_250 5185752 5370404 3.43833 18.5249
N-tiw56n67_150 2280222 2372926 3.90674 2.34664
N-tiw56n67_250 6097925 6324858 3.58795 12.256
N-tiw56n72_150 3966231 4135907 4.10251 2.56534
N-tiw56n72_250 10785484 11149706 3.26665 12.32
N-tiw56r54_150 917067 958192 4.29194 1.48466
N-tiw56r54_250 2304598 2387349 3.46623 12.3655
N-tiw56r58_150 1172826 1219295 3.81114 2.78603
N-tiw56r58_250 2959995 3060323 3.27835 11.2554
N-tiw56r66_150 1858642 1940755 4.23098 1.89525
N-tiw56r66_250 4770847 4948414 3.58836 10.2623
N-tiw56r67_150 1985089 2056347 3.46527 2.34522
N-tiw56r67_250 5095169 5289658 3.67678 14.3446
N-tiw56r72_150 2697594 2823758 4.46795 2.14588
N-tiw56r72_250 7181155 7451579 3.62908 11.4544
