N-be75eec_150 2657375 3482828 23.7007 0.0221035
N-be75eec_250 6952930 8893533 21.8204 0.0835123
N-be75np_150 5720905 7174325 20.2586 0.0298683
N-be75np_250 14324503 17814072 19.5888 0.0843714
N-be75oi_150 1850961 2246534 17.6081 0.0168288
N-be75oi_250 4781494 5910096 19.0962 0.0808611
N-be75tot_150 9476636 12287707 22.8771 0.0255702
N-be75tot_250 24780138 30958609 19.9572 0.0909133
N-stabu1_150 2269045 2875732 21.0968 0.0304342
N-stabu1_250 6255780 7742444 19.2015 0.102379
N-stabu2_150 3416385 4327538 21.0548 0.0320682
N-stabu2_250 9131075 11500448 20.6024 0.144545
N-stabu3_150 3559044 4510445 21.0933 0.0345794
N-stabu3_250 9369398 11900315 21.2676 0.107533
N-t59b11xx_150 2447230 3239550 24.4577 0.0244084
N-t59b11xx_250 6666725 8411910 20.7466 0.0782787
N-t59d11xx_150 1110592 1462697 24.0723 0.0203516
N-t59d11xx_250 3109380 3841167 19.0512 0.10572
N-t59f11xx_150 1202767 1543733 22.0871 0.0364792
N-t59f11xx_250 3099465 3993006 22.3777 0.0954669
N-t59n11xx_150 235383 318960 26.203 0.0219178
N-t59n11xx_250 639439 825608 22.5493 0.0880214
N-t65b11xx_150 5083950 6453836 21.2259 0.0255915
N-t65b11xx_250 13824836 17273996 19.9674 0.133978
N-t65d11xx_150 2777233 3559347 21.9735 0.0272073
N-t65d11xx_250 7435794 9351696 20.4872 0.0867086
N-t65f11xx_150 2435847 3159326 22.8998 0.0234451
N-t65f11xx_250 6573665 8409567 21.8311 0.0881768
N-t65l11xx_150 210295 253396 17.0093 0.0161884
N-t65l11xx_250 522785 666254 21.5337 0.0602698
N-t65n11xx_150 409199 550733 25.6992 0.0200351
N-t65n11xx_250 1101940 1429362 22.9069 0.0948905
N-t69r11xx_150 8581805 11855957 27.6161 0.0193038
N-t69r11xx_250 24479680 31815927 23.0584 0.103971
N-t70b11xx_150 7442442 9647229 22.8541 0.0289092
N-t70b11xx_250 20008532 25403045 21.2357 0.100025
N-t70d11xn_150 4555030 5825147 21.804 0.0313784
N-t70d11xn_250 12269098 15207063 19.3197 0.113548
N-t70d11xx_150 4943317 6174178 19.9356 0.0424657
N-t70d11xx_250 12897061 16040574 19.5973 0.142811
N-t70f11xx_150 4021334 5150097 21.9173 0.0240613
N-t70f11xx_250 10662331 13586135 21.5205 0.128981
N-t70l11xx_150 315398 436862 27.8037 0.0188549
N-t70l11xx_250 811268 1113128 27.1182 0.0542323
N-t70n11xx_150 695177 948913 26.7396 0.0252924
N-t70n11xx_250 1889245 2444390 22.711 0.0895384
N-t74d11xx_150 7500059 9396044 20.1785 0.0263363
N-t74d11xx_250 19584099 24430250 19.8367 0.091433
N-t75d11xx_150 7563733 9642140 21.5555 0.0347255
N-t75d11xx_250 19976296 25017059 20.1493 0.095008
N-t75e11xx_150 32839998 41570193 21.0011 0.0319715
N-t75e11xx_250 81771984 106873878 23.4874 0.0923509
N-t75k11xx_150 1133442 1541596 26.4761 0.0210807
N-t75k11xx_250 3212458 4093849 21.5296 0.0868102
N-t75n11xx_150 1291642 1743094 25.8995 0.0297699
N-t75n11xx_250 3485157 4524942 22.979 0.0860869
N-tiw56n54_150 657092 837945 21.5829 0.0267077
N-tiw56n54_250 1653619 2098726 21.2084 0.109314
N-tiw56n58_150 918533 1155392 20.5003 0.0328642
N-tiw56n58_250 2346993 2906657 19.2546 0.0938846
N-tiw56n62_150 1284219 1626921 21.0645 0.0335809
N-tiw56n62_250 3337550 4142745 19.4363 0.0947849
N-tiw56n66_150 1641538 2107619 22.1141 0.0293453
N-tiw56n66_250 4342700 5370404 19.1364 0.110167
N-tiw56n67_150 1806196 2372926 23.8832 0.0319808
N-tiw56n67_250 5122695 6324858 19.007 0.148275
N-tiw56n72_150 3148064 4135907 23.8846 0.0447182
N-tiw56n72_250 8982798 11149706 19.4347 0.104262
N-tiw56r54_150 752225 958192 21.4954 0.0307996
N-tiw56r54_250 1891429 2387349 20.7728 0.117313
N-tiw56r58_150 960733 1219295 21.2059 0.0321425
N-tiw56r58_250 2468108 3060323 19.3514 0.127799
N-tiw56r66_150 1512364 1940755 22.0734 0.0304186
N-tiw56r66_250 4006193 4948414 19.0409 0.108959
N-tiw56r67_150 1625092 2056347 20.9719 0.0377234
N-tiw56r67_250 4319512 5289658 18.3404 0.109916
N-tiw56r72_150 2102579 2823758 25.5397 0.0266825
N-tiw56r72_250 5958143 7451579 20.0419 0.0964436
