N-be75eec_150 2632593 3482828 24.4122 0.0106874
N-be75eec_250 6930044 8893533 22.0777 0.038133
N-be75np_150 5629339 7174325 21.5349 0.0093979
N-be75np_250 14191959 17814072 20.3329 0.0382063
N-be75oi_150 1847881 2246534 17.7452 0.0105729
N-be75oi_250 4778641 5910096 19.1444 0.0400475
N-be75tot_150 9431749 12287707 23.2424 0.00970742
N-be75tot_250 24691672 30958609 20.243 0.0383772
N-stabu1_150 2251015 2875732 21.7238 0.0092265
N-stabu1_250 6199987 7742444 19.9221 0.0371728
N-stabu2_150 3380178 4327538 21.8914 0.00982046
N-stabu2_250 9056596 11500448 21.2501 0.0377195
N-stabu3_150 3542086 4510445 21.4693 0.00965375
N-stabu3_250 9303265 11900315 21.8234 0.0380349
N-t59b11xx_150 2439650 3239550 24.6917 0.00945001
N-t59b11xx_250 6655785 8411910 20.8766 0.0383776
N-t59d11xx_150 1104839 1462697 24.4656 0.00883272
N-t59d11xx_250 3101589 3841167 19.254 0.0373727
N-t59f11xx_150 1200618 1543733 22.2263 0.00933232
N-t59f11xx_250 3094581 3993006 22.5 0.0378002
N-t59n11xx_150 235042 318960 26.3099 0.0108077
N-t59n11xx_250 638787 825608 22.6283 0.0394104
N-t65b11xx_150 5056490 6453836 21.6514 0.00959935
N-t65b11xx_250 13717512 17273996 20.5887 0.0375388
N-t65d11xx_150 2765013 3559347 22.3168 0.00904013
N-t65d11xx_250 7383054 9351696 21.0512 0.0373562
N-t65f11xx_150 2422095 3159326 23.3351 0.0103256
N-t65f11xx_250 6543371 8409567 22.1913 0.0384311
N-t65l11xx_150 210037 253396 17.1112 0.00943303
N-t65l11xx_250 522007 666254 21.6505 0.0388081
N-t65n11xx_150 408862 550733 25.7604 0.00976062
N-t65n11xx_250 1099884 1429362 23.0507 0.0371184
N-t69r11xx_150 8563512 11855957 27.7704 0.00874349
N-t69r11xx_250 24324292 31815927 23.5468 0.0360466
N-t70b11xx_150 7423051 9647229 23.0551 0.0098564
N-t70b11xx_250 19911852 25403045 21.6163 0.0393193
N-t70d11xn_150 4497989 5825147 22.7833 0.00960971
N-t70d11xn_250 12203519 15207063 19.751 0.0375262
N-t70d11xx_150 4911376 6174178 20.453 0.00985431
N-t70d11xx_250 12748660 16040574 20.5224 0.0376516
N-t70f11xx_150 4001045 5150097 22.3113 0.00928336
N-t70f11xx_250 10593225 13586135 22.0291 0.0373308
N-t70l11xx_150 314810 436862 27.9383 0.0093802
N-t70l11xx_250 805500 1113128 27.6364 0.0355244
N-t70n11xx_150 692287 948913 27.0442 0.0100758
N-t70n11xx_250 1880915 2444390 23.0518 0.0403395
N-t74d11xx_150 7448228 9396044 20.7302 0.0102299
N-t74d11xx_250 19467753 24430250 20.3129 0.0364995
N-t75d11xx_150 7510340 9642140 22.1092 0.00941193
N-t75d11xx_250 19910364 25017059 20.4129 0.0366062
N-t75e11xx_150 32251488 41570193 22.4168 0.00940435
N-t75e11xx_250 81484650 106873878 23.7563 0.0379814
N-t75k11xx_150 1122440 1541596 27.1897 0.010261
N-t75k11xx_250 3191618 4093849 22.0387 0.0370317
N-t75n11xx_150 1283116 1743094 26.3886 0.00932798
N-t75n11xx_250 3467826 4524942 23.362 0.0374729
N-tiw56n54_150 653857 837945 21.969 0.00951585
N-tiw56n54_250 1643588 2098726 21.6864 0.0441387
N-tiw56n58_150 907573 1155392 21.4489 0.0104596
N-tiw56n58_250 2326891 2906657 19.9461 0.0402122
N-tiw56n62_150 1263351 1626921 22.3471 0.00942468
N-tiw56n62_250 3327042 4142745 19.6899 0.0385138
N-tiw56n66_150 1628809 2107619 22.7181 0.00972818
N-tiw56n66_250 4319142 5370404 19.5751 0.0367202
N-tiw56n67_150 1796108 2372926 24.3083 0.0095047
N-tiw56n67_250 5108903 6324858 19.225 0.0371345
N-tiw56n72_150 3110676 4135907 24.7885 0.00992598
N-tiw56n72_250 8931498 11149706 19.8948 0.0410817
N-tiw56r54_150 737616 958192 23.02 0.0105612
N-tiw56r54_250 1870163 2387349 21.6636 0.0401758
N-tiw56r58_150 948052 1219295 22.2459 0.00932253
N-tiw56r58_250 2456303 3060323 19.7371 0.0368255
N-tiw56r66_150 1506464 1940755 22.3774 0.00974646
N-tiw56r66_250 3983310 4948414 19.5033 0.037569
N-tiw56r67_150 1615631 2056347 21.432 0.00931492
N-tiw56r67_250 4298842 5289658 18.7312 0.0377955
N-tiw56r72_150 2094856 2823758 25.8132 0.00908393
N-tiw56r72_250 5936727 7451579 20.3293 0.0388102
