N-be75eec_150 3403984 3482828 2.26379 5.13363
N-be75eec_250 8687965 8893533 2.31143 33.6788
N-be75np_150 7045857 7174325 1.79066 5.47007
N-be75np_250 17426821 17814072 2.17385 27.8013
N-be75oi_150 2223632 2246534 1.01944 4.63724
N-be75oi_250 5790708 5910096 2.02007 29.7193
N-be75tot_150 11971075 12287707 2.57682 4.17563
N-be75tot_250 30221074 30958609 2.38233 33.9565
N-stabu1_150 2845705 2875732 1.04415 6.32976
N-stabu1_250 7585305 7742444 2.02958 36.1625
N-stabu2_150 4254004 4327538 1.69921 5.05952
N-stabu2_250 11189054 11500448 2.70767 29.8395
N-stabu3_150 4432736 4510445 1.72287 5.0235
N-stabu3_250 11671427 11900315 1.92338 39.6284
N-t59b11xx_150 3167080 3239550 2.23704 5.87944
N-t59b11xx_250 8171920 8411910 2.85298 23.9153
N-t59d11xx_150 1443584 1462697 1.3067 5.8462
N-t59d11xx_250 3763710 3841167 2.0165 27.9883
N-t59f11xx_150 1516555 1543733 1.76054 5.45032
N-t59f11xx_250 3894248 3993006 2.47327 25.7662
N-t59n11xx_150 313299 318960 1.77483 5.02365
N-t59n11xx_250 803365 825608 2.69414 29.9874
N-t65b11xx_150 6311561 6453836 2.2045 5.01913
N-t65b11xx_250 16784314 17273996 2.83479 40.3745
N-t65d11xx_150 3481511 3559347 2.18681 4.69128
N-t65d11xx_250 9127022 9351696 2.40249 39.8597
N-t65f11xx_150 3072863 3159326 2.73675 5.06662
N-t65f11xx_250 8231391 8409567 2.11873 35.7558
N-t65l11xx_150 248470 253396 1.94399 4.20847
N-t65l11xx_250 654289 666254 1.79586 25.8671
N-t65n11xx_150 542000 550733 1.5857 4.61394
N-t65n11xx_250 1397062 1429362 2.25975 31.8381
N-t69r11xx_150 11508084 11855957 2.93416 4.9344
N-t69r11xx_250 30959634 31815927 2.6914 30.6034
N-t70b11xx_150 9410428 9647229 2.4546 5.85144
N-t70b11xx_250 24791494 25403045 2.40739 31.8354
N-t70d11xn_150 5695388 5825147 2.22757 6.72005
N-t70d11xn_250 14915958 15207063 1.91427 35.8281
N-t70d11xx_150 5977238 6174178 3.18974 4.5214
N-t70d11xx_250 15642085 16040574 2.48426 25.7902
N-t70f11xx_150 5011183 5150097 2.69731 5.48296
N-t70f11xx_250 13256389 13586135 2.42708 25.8594
N-t70l11xx_150 425062 436862 2.70108 4.99589
N-t70l11xx_250 1082567 1113128 2.74551 20.0698
N-t70n11xx_150 922642 948913 2.76854 4.54362
N-t70n11xx_250 2377423 2444390 2.73962 36.0012
N-t74d11xx_150 9136475 9396044 2.76253 4.67293
N-t74d11xx_250 23958102 24430250 1.93264 29.816
N-t75d11xx_150 9395580 9642140 2.55711 5.0724
N-t75d11xx_250 24448231 25017059 2.27376 27.7777
N-t75e11xx_150 40453331 41570193 2.68669 5.91434
N-t75e11xx_250 104184229 106873878 2.51666 26.051
N-t75k11xx_150 1494953 1541596 3.02563 4.58042
N-t75k11xx_250 4012448 4093849 1.98837 26.0645
N-t75n11xx_150 1697318 1743094 2.62613 4.98812
N-t75n11xx_250 4438796 4524942 1.9038 39.8078
N-tiw56n54_150 821108 837945 2.00932 5.79071
N-tiw56n54_250 2050695 2098726 2.28858 33.9516
N-tiw56n58_150 1126756 1155392 2.47847 5.00266
N-tiw56n58_250 2846103 2906657 2.08329 29.8575
N-tiw56n62_150 1582278 1626921 2.74402 5.87605
N-tiw56n62_250 4068280 4142745 1.79748 27.8904
N-tiw56n66_150 2059294 2107619 2.29287 5.84119
N-tiw56n66_250 5258903 5370404 2.07621 29.6623
N-tiw56n67_150 2322809 2372926 2.11203 4.99373
N-tiw56n67_250 6211067 6324858 1.79911 35.8617
N-tiw56n72_150 4067818 4135907 1.64629 7.07524
N-tiw56n72_250 10930522 11149706 1.96583 28.121
N-tiw56r54_150 928702 958192 3.07767 4.58865
N-tiw56r54_250 2330933 2387349 2.36312 26.1786
N-tiw56r58_150 1189136 1219295 2.47348 4.58926
N-tiw56r58_250 3000785 3060323 1.94548 29.8994
N-tiw56r66_150 1896972 1940755 2.25598 4.98237
N-tiw56r66_250 4835360 4948414 2.28465 29.6916
N-tiw56r67_150 2022778 2056347 1.63246 6.25285
N-tiw56r67_250 5158482 5289658 2.47986 29.829
N-tiw56r72_150 2747663 2823758 2.69481 4.57166
N-tiw56r72_250 7292687 7451579 2.13233 27.9182
